Atomtypes	Cuttoff	Ncliques	Distance	Median(Score)	LDA	SUC	SAM	LLP	U5P	1PE	PMP	GSH	PLM	BOG	Mean	Percent
CA_GRE	1.5	5	6.0	aaScore05	0.502469135802	0.431790123457	0.53024691358	0.552777777778	0.324691358025	0.599691358025	0.325308641975	0.464814814815	0.641358024691	0.495987654321	0.486913580247	0.0
CA_GRE	1.5	5	6.0	Srel	0.697839506173	0.638580246914	0.656790123457	0.686419753086	0.499691358025	0.653703703704	0.675617283951	0.950308641975	0.55987654321	0.56450617284	0.658333333333	0.0
CA_GRE	1.5	5	6.0	SrelScore08	0.697839506173	0.629938271605	0.654012345679	0.696604938272	0.522839506173	0.661728395062	0.684567901235	0.950308641975	0.607098765432	0.558333333333	0.666327160494	0.0
CA_GRE	1.5	5	6.0	RMSD	0.478395061728	0.561111111111	0.392592592593	0.392592592593	0.666358024691	0.389814814815	0.558950617284	0.458950617284	0.264814814815	0.512345679012	0.467592592593	0.0
CA_GRE	1.5	5	6.0	SrelScore05	0.696913580247	0.63549382716	0.659259259259	0.695679012346	0.55462962963	0.649382716049	0.677777777778	0.941975308642	0.697839506173	0.541358024691	0.675030864198	0.0
CA_GRE	1.5	5	6.0	SOScore08	0.7	0.537654320988	0.568518518519	0.597222222222	0.545679012346	0.56512345679	0.648456790123	0.91450617284	0.487654320988	0.478703703704	0.604351851852	0.0
CA_GRE	1.5	5	6.0	aaScore08	0.524691358025	0.441358024691	0.580555555556	0.597530864198	0.334567901235	0.612037037037	0.412345679012	0.52037037037	0.717592592593	0.499382716049	0.524043209877	0.0
CA_GRE	1.5	5	6.0	SO	0.688271604938	0.532098765432	0.563580246914	0.572530864198	0.537037037037	0.565432098765	0.61049382716	0.914814814815	0.469444444444	0.494444444444	0.594814814815	0.0
CA_GRE	1.5	5	6.0	GO	0.539197530864	0.500617283951	0.559259259259	0.624382716049	0.591666666667	0.508024691358	0.722222222222	0.761728395062	0.701851851852	0.479938271605	0.598888888889	0.0
CA_GRE	1.5	5	6.0	SOScore05	0.687037037037	0.563580246914	0.583950617284	0.641666666667	0.567283950617	0.57037037037	0.673456790123	0.910185185185	0.522530864198	0.453086419753	0.617314814815	0.0
CA_GRE	1.5	5	6.0	Tanimoto	0.697839506173	0.638580246914	0.656790123457	0.686419753086	0.499691358025	0.653703703704	0.675617283951	0.950308641975	0.55987654321	0.56450617284	0.658333333333	0.0
ACC_DON	1.5	5	6.0	aaScore05	0.231790123457	0.493209876543	0.491049382716	0.582098765432	0.626234567901	0.292592592593	0.530864197531	0.243209876543	0.430864197531	0.372839506173	0.429475308642	0.0010101010101
ACC_DON	1.5	5	6.0	Srel	0.687654320988	0.662962962963	0.738580246914	0.898148148148	0.656481481481	0.472222222222	0.911728395062	0.844135802469	0.422839506173	0.549382716049	0.684413580247	0.0010101010101
ACC_DON	1.5	5	6.0	SrelScore08	0.682407407407	0.666049382716	0.724382716049	0.900617283951	0.66450617284	0.47962962963	0.906790123457	0.862962962963	0.455864197531	0.541975308642	0.688518518519	0.0010101010101
ACC_DON	1.5	5	6.0	RMSD	0.755864197531	0.482716049383	0.430864197531	0.315740740741	0.375617283951	0.741666666667	0.383950617284	0.654320987654	0.558024691358	0.657407407407	0.535617283951	0.0010101010101
ACC_DON	1.5	5	6.0	SrelScore05	0.672839506173	0.640740740741	0.711111111111	0.885802469136	0.641666666667	0.487962962963	0.875	0.878395061728	0.520061728395	0.533024691358	0.684660493827	0.0010101010101
ACC_DON	1.5	5	6.0	SOScore08	0.359259259259	0.600925925926	0.633950617284	0.526851851852	0.575308641975	0.361728395062	0.762962962963	0.758333333333	0.480555555556	0.31450617284	0.537438271605	0.0010101010101
ACC_DON	1.5	5	6.0	aaScore08	0.214197530864	0.52037037037	0.529012345679	0.655555555556	0.617901234568	0.274691358025	0.595679012346	0.312654320988	0.431172839506	0.346604938272	0.449783950617	0.0010101010101
ACC_DON	1.5	5	6.0	SO	0.365432098765	0.612962962963	0.631790123457	0.507098765432	0.568827160494	0.361111111111	0.755864197531	0.733950617284	0.466358024691	0.291049382716	0.529444444444	0.0010101010101
ACC_DON	1.5	5	6.0	GO	0.527160493827	0.522530864198	0.628086419753	0.687345679012	0.482716049383	0.470987654321	0.701543209877	0.792283950617	0.613888888889	0.505864197531	0.593240740741	0.0010101010101
ACC_DON	1.5	5	6.0	SOScore05	0.402777777778	0.590432098765	0.628086419753	0.571913580247	0.577777777778	0.409259259259	0.749074074074	0.787962962963	0.499691358025	0.331481481481	0.554845679012	0.0010101010101
ACC_DON	1.5	5	6.0	Tanimoto	0.687654320988	0.662962962963	0.738580246914	0.898148148148	0.656481481481	0.472222222222	0.911728395062	0.844135802469	0.422839506173	0.549382716049	0.684413580247	0.0010101010101
CA_ACC_DON	1.5	5	6.0	aaScore05	0.268827160494	0.496913580247	0.55462962963	0.63549382716	0.514197530864	0.322222222222	0.516049382716	0.45524691358	0.441975308642	0.421604938272	0.462716049383	0.0
CA_ACC_DON	1.5	5	6.0	Srel	0.756481481481	0.609567901235	0.789197530864	0.875617283951	0.706172839506	0.587962962963	0.912037037037	0.902469135802	0.561419753086	0.641666666667	0.734259259259	0.0
CA_ACC_DON	1.5	5	6.0	SrelScore08	0.740432098765	0.622530864198	0.796913580247	0.878703703704	0.692901234568	0.593827160494	0.901234567901	0.900925925926	0.554012345679	0.648148148148	0.732962962963	0.0
CA_ACC_DON	1.5	5	6.0	RMSD	0.740740740741	0.484259259259	0.375	0.292592592593	0.492592592593	0.688580246914	0.408641975309	0.489814814815	0.570987654321	0.581481481481	0.512469135802	0.0
CA_ACC_DON	1.5	5	6.0	SrelScore05	0.686111111111	0.61049382716	0.78487654321	0.885802469136	0.654938271605	0.565432098765	0.885185185185	0.896604938272	0.54012345679	0.645679012346	0.715524691358	0.0
CA_ACC_DON	1.5	5	6.0	SOScore08	0.457407407407	0.525308641975	0.641666666667	0.617283950617	0.595987654321	0.51975308642	0.793518518519	0.930864197531	0.594444444444	0.436419753086	0.611265432099	0.0
CA_ACC_DON	1.5	5	6.0	aaScore08	0.262345679012	0.504320987654	0.591358024691	0.693209876543	0.510185185185	0.317283950617	0.578086419753	0.496604938272	0.42962962963	0.421604938272	0.480462962963	0.0
CA_ACC_DON	1.5	5	6.0	SO	0.424382716049	0.508024691358	0.636728395062	0.608024691358	0.60462962963	0.525617283951	0.785185185185	0.925925925926	0.590432098765	0.427469135802	0.603641975309	0.0
CA_ACC_DON	1.5	5	6.0	GO	0.519135802469	0.586111111111	0.690740740741	0.670679012346	0.49537037037	0.452777777778	0.703703703704	0.706790123457	0.525925925926	0.521296296296	0.58725308642	0.0
CA_ACC_DON	1.5	5	6.0	SOScore05	0.488888888889	0.549074074074	0.653395061728	0.640432098765	0.574691358025	0.511419753086	0.795987654321	0.920061728395	0.592283950617	0.462962962963	0.618919753086	0.0
CA_ACC_DON	1.5	5	6.0	Tanimoto	0.756481481481	0.609567901235	0.789197530864	0.875617283951	0.706172839506	0.587962962963	0.912037037037	0.902469135802	0.561419753086	0.641666666667	0.734259259259	0.0
ACC_DON_GRE	1.5	5	6.0	aaScore05	0.435802469136	0.439197530864	0.339197530864	0.394135802469	0.411419753086	0.422530864198	0.288888888889	0.10524691358	0.463888888889	0.431172839506	0.373148148148	0.0
ACC_DON_GRE	1.5	5	6.0	Srel	0.620061728395	0.726234567901	0.753395061728	0.922839506173	0.610185185185	0.512345679012	0.919444444444	0.893518518519	0.515432098765	0.436419753086	0.690987654321	0.0
ACC_DON_GRE	1.5	5	6.0	SrelScore08	0.634567901235	0.740740740741	0.741358024691	0.917283950617	0.615740740741	0.535802469136	0.917283950617	0.890740740741	0.551851851852	0.443827160494	0.698919753086	0.0
ACC_DON_GRE	1.5	5	6.0	RMSD	0.562654320988	0.490740740741	0.499691358025	0.517901234568	0.566358024691	0.530864197531	0.564814814815	0.833641975309	0.419135802469	0.583641975309	0.556944444444	0.0
ACC_DON_GRE	1.5	5	6.0	SrelScore05	0.622839506173	0.728395061728	0.72037037037	0.909567901235	0.603395061728	0.589814814815	0.914814814815	0.9	0.702160493827	0.466975308642	0.715833333333	0.0
ACC_DON_GRE	1.5	5	6.0	SOScore08	0.590740740741	0.659259259259	0.61450617284	0.702469135802	0.624074074074	0.460802469136	0.840740740741	0.91049382716	0.47037037037	0.320987654321	0.619444444444	0.0
ACC_DON_GRE	1.5	5	6.0	aaScore08	0.416975308642	0.486419753086	0.458024691358	0.432716049383	0.431172839506	0.461419753086	0.399382716049	0.141358024691	0.562037037037	0.429938271605	0.421944444444	0.0
ACC_DON_GRE	1.5	5	6.0	SO	0.578703703704	0.654938271605	0.620061728395	0.696296296296	0.631790123457	0.447222222222	0.837962962963	0.903395061728	0.441666666667	0.307098765432	0.611913580247	0.0
ACC_DON_GRE	1.5	5	6.0	GO	0.556481481481	0.59537037037	0.689197530864	0.642901234568	0.513580246914	0.58549382716	0.766049382716	0.812654320988	0.66049382716	0.551234567901	0.637345679012	0.0
ACC_DON_GRE	1.5	5	6.0	SOScore05	0.582098765432	0.643209876543	0.605864197531	0.732098765432	0.59475308642	0.486728395062	0.861419753086	0.906172839506	0.505555555556	0.337654320988	0.625555555556	0.0
ACC_DON_GRE	1.5	5	6.0	Tanimoto	0.620061728395	0.726234567901	0.753395061728	0.922839506173	0.610185185185	0.512345679012	0.919444444444	0.893518518519	0.515432098765	0.436419753086	0.690987654321	0.0
CA_ACC_DON_GRE	1.5	5	6.0	aaScore05	0.449074074074	0.409259259259	0.509259259259	0.578703703704	0.544135802469	0.509259259259	0.466049382716	0.311111111111	0.529938271605	0.452469135802	0.475925925926	0.0
CA_ACC_DON_GRE	1.5	5	6.0	Srel	0.740740740741	0.608950617284	0.728086419753	0.891975308642	0.706172839506	0.728395061728	0.905864197531	0.940432098765	0.640432098765	0.621913580247	0.751296296296	0.0
CA_ACC_DON_GRE	1.5	5	6.0	SrelScore08	0.743518518519	0.622839506173	0.731481481481	0.883333333333	0.68549382716	0.719444444444	0.905864197531	0.941358024691	0.65524691358	0.625617283951	0.751419753086	0.0
CA_ACC_DON_GRE	1.5	5	6.0	RMSD	0.512345679012	0.556481481481	0.453395061728	0.330555555556	0.479938271605	0.507098765432	0.466049382716	0.650617283951	0.425	0.592901234568	0.497438271605	0.0
CA_ACC_DON_GRE	1.5	5	6.0	SrelScore05	0.737962962963	0.625308641975	0.745679012346	0.872222222222	0.65524691358	0.692283950617	0.901234567901	0.93950617284	0.699382716049	0.577160493827	0.744598765432	0.0
CA_ACC_DON_GRE	1.5	5	6.0	SOScore08	0.637962962963	0.572530864198	0.663580246914	0.753395061728	0.725925925926	0.652469135802	0.831172839506	0.947530864198	0.565740740741	0.477160493827	0.68274691358	0.0
CA_ACC_DON_GRE	1.5	5	6.0	aaScore08	0.478703703704	0.437654320988	0.540740740741	0.635185185185	0.53549382716	0.502160493827	0.512962962963	0.34012345679	0.564814814815	0.416358024691	0.496419753086	0.0
CA_ACC_DON_GRE	1.5	5	6.0	SO	0.646296296296	0.566975308642	0.650925925926	0.743518518519	0.728086419753	0.659259259259	0.825617283951	0.946296296296	0.560185185185	0.479938271605	0.680709876543	0.0
CA_ACC_DON_GRE	1.5	5	6.0	GO	0.602469135802	0.537962962963	0.609567901235	0.672530864198	0.418209876543	0.475617283951	0.709567901235	0.646604938272	0.617592592593	0.450925925926	0.574104938272	0.0
CA_ACC_DON_GRE	1.5	5	6.0	SOScore05	0.616666666667	0.565432098765	0.687037037037	0.763888888889	0.69012345679	0.629012345679	0.842901234568	0.942901234568	0.562037037037	0.443209876543	0.674320987654	0.0
CA_ACC_DON_GRE	1.5	5	6.0	Tanimoto	0.740740740741	0.608950617284	0.728086419753	0.891975308642	0.706172839506	0.728395061728	0.905864197531	0.940432098765	0.640432098765	0.621913580247	0.751296296296	0.0
CA_GRE	2.0	5	6.0	aaScore05	0.446913580247	0.435802469136	0.583950617284	0.462962962963	0.43024691358	0.576543209877	0.300617283951	0.258333333333	0.559567901235	0.391666666667	0.444660493827	0.0
CA_GRE	2.0	5	6.0	Srel	0.672839506173	0.624382716049	0.772839506173	0.763888888889	0.565740740741	0.680864197531	0.675	0.938888888889	0.662654320988	0.546296296296	0.690339506173	0.0
CA_GRE	2.0	5	6.0	SrelScore08	0.693827160494	0.621296296296	0.786419753086	0.78024691358	0.561728395062	0.676234567901	0.700617283951	0.946913580247	0.706172839506	0.537037037037	0.701049382716	0.0
CA_GRE	2.0	5	6.0	RMSD	0.502777777778	0.538580246914	0.372839506173	0.492592592593	0.581172839506	0.412654320988	0.607407407407	0.691975308642	0.322530864198	0.612037037037	0.513456790123	0.0
CA_GRE	2.0	5	6.0	SrelScore05	0.699382716049	0.632407407407	0.768827160494	0.796604938272	0.528086419753	0.63950617284	0.731172839506	0.937654320988	0.739197530864	0.511728395062	0.698456790123	0.0
CA_GRE	2.0	5	6.0	SOScore08	0.708950617284	0.492901234568	0.682716049383	0.663271604938	0.610802469136	0.575308641975	0.659567901235	0.9	0.538271604938	0.454320987654	0.628611111111	0.0
CA_GRE	2.0	5	6.0	aaScore08	0.48024691358	0.452160493827	0.607407407407	0.485802469136	0.422839506173	0.583333333333	0.355864197531	0.289814814815	0.649074074074	0.384259259259	0.471080246914	0.0
CA_GRE	2.0	5	6.0	SO	0.689197530864	0.491358024691	0.671604938272	0.644135802469	0.598148148148	0.587962962963	0.645061728395	0.891049382716	0.523148148148	0.462654320988	0.620432098765	0.0
CA_GRE	2.0	5	6.0	GO	0.643518518519	0.529938271605	0.588580246914	0.681172839506	0.511111111111	0.491975308642	0.749691358025	0.774691358025	0.72037037037	0.524074074074	0.621512345679	0.0
CA_GRE	2.0	5	6.0	SOScore05	0.720987654321	0.501234567901	0.695679012346	0.698456790123	0.616049382716	0.543518518519	0.696604938272	0.888580246914	0.559259259259	0.458024691358	0.637839506173	0.0
CA_GRE	2.0	5	6.0	Tanimoto	0.672839506173	0.624382716049	0.772839506173	0.763888888889	0.565740740741	0.680864197531	0.675	0.938888888889	0.662654320988	0.546296296296	0.690339506173	0.0
ACC_DON	2.0	5	6.0	aaScore05	0.258024691358	0.483641975309	0.43549382716	0.508950617284	0.51049382716	0.301234567901	0.441666666667	0.212962962963	0.447530864198	0.37962962963	0.397962962963	0.0010101010101
ACC_DON	2.0	5	6.0	Srel	0.657407407407	0.641358024691	0.766358024691	0.922839506173	0.682407407407	0.461419753086	0.92962962963	0.849074074074	0.377777777778	0.541049382716	0.682932098765	0.0010101010101
ACC_DON	2.0	5	6.0	SrelScore08	0.648456790123	0.633024691358	0.776234567901	0.924382716049	0.697530864198	0.472222222222	0.931790123457	0.846296296296	0.378086419753	0.534259259259	0.684228395062	0.0010101010101
ACC_DON	2.0	5	6.0	RMSD	0.729938271605	0.470987654321	0.512654320988	0.363271604938	0.462345679012	0.71512345679	0.504320987654	0.706790123457	0.569444444444	0.612962962963	0.564783950617	0.0010101010101
ACC_DON	2.0	5	6.0	SrelScore05	0.645987654321	0.636728395062	0.756481481481	0.913580246914	0.695679012346	0.469444444444	0.912962962963	0.851543209877	0.41450617284	0.553395061728	0.685030864198	0.0010101010101
ACC_DON	2.0	5	6.0	SOScore08	0.299382716049	0.602160493827	0.613271604938	0.624074074074	0.578086419753	0.357716049383	0.786111111111	0.73487654321	0.442901234568	0.320679012346	0.535925925926	0.0010101010101
ACC_DON	2.0	5	6.0	aaScore08	0.270061728395	0.523765432099	0.459259259259	0.615740740741	0.538271604938	0.288580246914	0.475617283951	0.270061728395	0.452160493827	0.383950617284	0.42774691358	0.0010101010101
ACC_DON	2.0	5	6.0	SO	0.302469135802	0.607098765432	0.61049382716	0.595061728395	0.585185185185	0.355864197531	0.778703703704	0.726543209877	0.442901234568	0.318518518519	0.532283950617	0.0010101010101
ACC_DON	2.0	5	6.0	GO	0.506790123457	0.506481481481	0.675925925926	0.709567901235	0.537037037037	0.51450617284	0.700617283951	0.796913580247	0.550308641975	0.587962962963	0.608611111111	0.0010101010101
ACC_DON	2.0	5	6.0	SOScore05	0.313580246914	0.598148148148	0.638271604938	0.675308641975	0.567901234568	0.374691358025	0.799382716049	0.752777777778	0.448765432099	0.354012345679	0.552283950617	0.0010101010101
ACC_DON	2.0	5	6.0	Tanimoto	0.657407407407	0.641358024691	0.766358024691	0.922839506173	0.682407407407	0.461419753086	0.92962962963	0.849074074074	0.377777777778	0.541049382716	0.682932098765	0.0010101010101
CA_ACC_DON	2.0	5	6.0	aaScore05	0.23549382716	0.393827160494	0.42037037037	0.567283950617	0.487654320988	0.272222222222	0.378086419753	0.285802469136	0.455555555556	0.453086419753	0.394938271605	0.0
CA_ACC_DON	2.0	5	6.0	Srel	0.644135802469	0.562962962963	0.81049382716	0.920061728395	0.658641975309	0.497530864198	0.93950617284	0.891358024691	0.539814814815	0.62037037037	0.708487654321	0.0
CA_ACC_DON	2.0	5	6.0	SrelScore08	0.637654320988	0.556481481481	0.80987654321	0.92037037037	0.653086419753	0.499691358025	0.941358024691	0.891358024691	0.524074074074	0.624691358025	0.705864197531	0.0
CA_ACC_DON	2.0	5	6.0	RMSD	0.767901234568	0.532716049383	0.511111111111	0.367901234568	0.507407407407	0.736728395062	0.532098765432	0.687962962963	0.592901234568	0.560802469136	0.57975308642	0.0
CA_ACC_DON	2.0	5	6.0	SrelScore05	0.606481481481	0.598765432099	0.807407407407	0.905555555556	0.63024691358	0.480555555556	0.93950617284	0.888888888889	0.501234567901	0.587345679012	0.694598765432	0.0
CA_ACC_DON	2.0	5	6.0	SOScore08	0.342901234568	0.493518518519	0.681790123457	0.684567901235	0.592901234568	0.458024691358	0.821296296296	0.88487654321	0.554938271605	0.389814814815	0.590462962963	0.0
CA_ACC_DON	2.0	5	6.0	aaScore08	0.236728395062	0.42962962963	0.463271604938	0.604938271605	0.492283950617	0.264197530864	0.440432098765	0.303395061728	0.418827160494	0.443209876543	0.409691358025	0.0
CA_ACC_DON	2.0	5	6.0	SO	0.30987654321	0.474691358025	0.683024691358	0.682716049383	0.596913580247	0.45524691358	0.813888888889	0.887962962963	0.564197530864	0.392901234568	0.586141975309	0.0
CA_ACC_DON	2.0	5	6.0	GO	0.532407407407	0.664814814815	0.740432098765	0.68487654321	0.480555555556	0.487037037037	0.762962962963	0.677469135802	0.526543209877	0.483641975309	0.604074074074	0.0
CA_ACC_DON	2.0	5	6.0	SOScore05	0.400925925926	0.519135802469	0.687962962963	0.712962962963	0.591666666667	0.488271604938	0.839197530864	0.872530864198	0.55462962963	0.41049382716	0.607777777778	0.0
CA_ACC_DON	2.0	5	6.0	Tanimoto	0.644135802469	0.562962962963	0.81049382716	0.920061728395	0.658641975309	0.497530864198	0.93950617284	0.891358024691	0.539814814815	0.62037037037	0.708487654321	0.0
ACC_DON_GRE	2.0	5	6.0	aaScore05	0.35462962963	0.421604938272	0.315432098765	0.296296296296	0.519135802469	0.439197530864	0.255864197531	0.070987654321	0.401543209877	0.471604938272	0.35462962963	0.0
ACC_DON_GRE	2.0	5	6.0	Srel	0.471913580247	0.786728395062	0.746913580247	0.954938271605	0.618518518519	0.493827160494	0.920987654321	0.87962962963	0.58487654321	0.435185185185	0.689351851852	0.0
ACC_DON_GRE	2.0	5	6.0	SrelScore08	0.483950617284	0.781481481481	0.755864197531	0.948765432099	0.60987654321	0.501851851852	0.927160493827	0.881481481481	0.605864197531	0.440432098765	0.693672839506	0.0
ACC_DON_GRE	2.0	5	6.0	RMSD	0.636419753086	0.507407407407	0.562037037037	0.654320987654	0.48549382716	0.535185185185	0.662962962963	0.916358024691	0.475925925926	0.527160493827	0.596327160494	0.0
ACC_DON_GRE	2.0	5	6.0	SrelScore05	0.496604938272	0.773765432099	0.776234567901	0.943209876543	0.608333333333	0.511111111111	0.944444444444	0.886728395062	0.640432098765	0.454938271605	0.703580246914	0.0
ACC_DON_GRE	2.0	5	6.0	SOScore08	0.545679012346	0.745061728395	0.606790123457	0.698148148148	0.616975308642	0.387962962963	0.88487654321	0.888271604938	0.50524691358	0.302160493827	0.618117283951	0.0
ACC_DON_GRE	2.0	5	6.0	aaScore08	0.347839506173	0.458024691358	0.391358024691	0.314197530864	0.52037037037	0.453086419753	0.31049382716	0.0734567901235	0.475308641975	0.481790123457	0.382592592593	0.0
ACC_DON_GRE	2.0	5	6.0	SO	0.524382716049	0.747839506173	0.597222222222	0.682716049383	0.612345679012	0.382716049383	0.877160493827	0.878703703704	0.490740740741	0.302160493827	0.609598765432	0.0
ACC_DON_GRE	2.0	5	6.0	GO	0.559259259259	0.621296296296	0.707716049383	0.708950617284	0.542592592593	0.56049382716	0.76975308642	0.824074074074	0.683950617284	0.477469135802	0.645555555556	0.0
ACC_DON_GRE	2.0	5	6.0	SOScore05	0.577777777778	0.750617283951	0.618518518519	0.725925925926	0.592592592593	0.400925925926	0.895987654321	0.897530864198	0.562962962963	0.322222222222	0.63450617284	0.0
ACC_DON_GRE	2.0	5	6.0	Tanimoto	0.471913580247	0.786728395062	0.746913580247	0.954938271605	0.618518518519	0.493827160494	0.920987654321	0.87962962963	0.58487654321	0.435185185185	0.689351851852	0.0
CA_ACC_DON_GRE	2.0	5	6.0	aaScore05	0.421913580247	0.416975308642	0.420987654321	0.416358024691	0.539814814815	0.447530864198	0.317283950617	0.141975308642	0.494135802469	0.476234567901	0.409320987654	0.0
CA_ACC_DON_GRE	2.0	5	6.0	Srel	0.700308641975	0.618827160494	0.751851851852	0.920987654321	0.66975308642	0.667901234568	0.935802469136	0.905555555556	0.675	0.555555555556	0.740154320988	0.0
CA_ACC_DON_GRE	2.0	5	6.0	SrelScore08	0.694135802469	0.637345679012	0.748765432099	0.924074074074	0.666666666667	0.671604938272	0.938271604938	0.904320987654	0.691975308642	0.551543209877	0.74287037037	0.0
CA_ACC_DON_GRE	2.0	5	6.0	RMSD	0.56975308642	0.508641975309	0.504320987654	0.521913580247	0.551851851852	0.542283950617	0.636111111111	0.85462962963	0.449691358025	0.545987654321	0.568518518519	0.0
CA_ACC_DON_GRE	2.0	5	6.0	SrelScore05	0.691049382716	0.674074074074	0.740740740741	0.920987654321	0.61049382716	0.63487654321	0.93950617284	0.904938271605	0.714814814815	0.528395061728	0.735987654321	0.0
CA_ACC_DON_GRE	2.0	5	6.0	SOScore08	0.587345679012	0.563271604938	0.691358024691	0.777160493827	0.700617283951	0.610802469136	0.885185185185	0.923456790123	0.601543209877	0.395987654321	0.673672839506	0.0
CA_ACC_DON_GRE	2.0	5	6.0	aaScore08	0.425308641975	0.46450617284	0.476234567901	0.453395061728	0.470679012346	0.450925925926	0.361111111111	0.141975308642	0.54537037037	0.439197530864	0.42287037037	0.0
CA_ACC_DON_GRE	2.0	5	6.0	SO	0.583641975309	0.571604938272	0.691666666667	0.782098765432	0.694135802469	0.616666666667	0.876234567901	0.928395061728	0.601234567901	0.403086419753	0.67487654321	0.0
CA_ACC_DON_GRE	2.0	5	6.0	GO	0.544444444444	0.608641975309	0.64475308642	0.61049382716	0.43024691358	0.487654320988	0.754320987654	0.651234567901	0.654320987654	0.434259259259	0.582037037037	0.0
CA_ACC_DON_GRE	2.0	5	6.0	SOScore05	0.598456790123	0.571296296296	0.687037037037	0.781481481481	0.66512345679	0.592283950617	0.895061728395	0.914197530864	0.612037037037	0.380864197531	0.669783950617	0.0
CA_ACC_DON_GRE	2.0	5	6.0	Tanimoto	0.700308641975	0.618827160494	0.751851851852	0.920987654321	0.66975308642	0.667901234568	0.935802469136	0.905555555556	0.675	0.555555555556	0.740154320988	0.0
CA_GRE	2.5	5	6.0	aaScore05	0.513580246914	0.406172839506	0.511419753086	0.456790123457	0.432098765432	0.588271604938	0.274074074074	0.18024691358	0.53487654321	0.486419753086	0.438395061728	0.0
CA_GRE	2.5	5	6.0	Srel	0.702469135802	0.593209876543	0.806481481481	0.804320987654	0.549382716049	0.711111111111	0.671604938272	0.931790123457	0.668518518519	0.550925925926	0.698981481481	0.0
CA_GRE	2.5	5	6.0	SrelScore08	0.712345679012	0.593209876543	0.826234567901	0.805864197531	0.548148148148	0.708024691358	0.694444444444	0.933950617284	0.696604938272	0.545987654321	0.706481481481	0.0
CA_GRE	2.5	5	6.0	RMSD	0.425308641975	0.581790123457	0.401851851852	0.415740740741	0.551543209877	0.393518518519	0.635802469136	0.784567901235	0.336419753086	0.46049382716	0.498703703704	0.0
CA_GRE	2.5	5	6.0	SrelScore05	0.723148148148	0.594135802469	0.829012345679	0.803086419753	0.530864197531	0.693518518519	0.746296296296	0.926543209877	0.730864197531	0.541358024691	0.711882716049	0.0
CA_GRE	2.5	5	6.0	SOScore08	0.741049382716	0.50462962963	0.683024691358	0.705555555556	0.598456790123	0.613888888889	0.641049382716	0.886111111111	0.522222222222	0.461728395062	0.635771604938	0.0
CA_GRE	2.5	5	6.0	aaScore08	0.556790123457	0.423456790123	0.556172839506	0.558641975309	0.427160493827	0.60987654321	0.328395061728	0.216049382716	0.636419753086	0.527469135802	0.484043209877	0.0
CA_GRE	2.5	5	6.0	SO	0.737037037037	0.510185185185	0.670987654321	0.689814814815	0.588580246914	0.616666666667	0.610802469136	0.875925925926	0.494135802469	0.45524691358	0.624938271605	0.0
CA_GRE	2.5	5	6.0	GO	0.609567901235	0.564814814815	0.597839506173	0.696296296296	0.595061728395	0.502160493827	0.762654320988	0.786111111111	0.692283950617	0.529938271605	0.633672839506	0.0
CA_GRE	2.5	5	6.0	SOScore05	0.742283950617	0.499382716049	0.688580246914	0.736419753086	0.619135802469	0.610802469136	0.681481481481	0.895987654321	0.558024691358	0.488271604938	0.652037037037	0.0
CA_GRE	2.5	5	6.0	Tanimoto	0.702469135802	0.593209876543	0.806481481481	0.804320987654	0.549382716049	0.711111111111	0.671604938272	0.931790123457	0.668518518519	0.550925925926	0.698981481481	0.0
ACC_DON	2.5	5	6.0	aaScore05	0.262037037037	0.527469135802	0.389814814815	0.430864197531	0.523148148148	0.342283950617	0.351234567901	0.169444444444	0.491975308642	0.399074074074	0.388734567901	0.0010101010101
ACC_DON	2.5	5	6.0	Srel	0.554938271605	0.692592592593	0.719135802469	0.948148148148	0.681481481481	0.347530864198	0.925	0.826234567901	0.431790123457	0.466666666667	0.659351851852	0.0010101010101
ACC_DON	2.5	5	6.0	SrelScore08	0.57962962963	0.682716049383	0.726543209877	0.940432098765	0.674691358025	0.354320987654	0.93024691358	0.833024691358	0.416358024691	0.474691358025	0.661265432099	0.0010101010101
ACC_DON	2.5	5	6.0	RMSD	0.749382716049	0.452160493827	0.558333333333	0.471604938272	0.485802469136	0.690432098765	0.578086419753	0.770679012346	0.468827160494	0.603395061728	0.58287037037	0.0010101010101
ACC_DON	2.5	5	6.0	SrelScore05	0.606481481481	0.710185185185	0.731790123457	0.921913580247	0.658641975309	0.382716049383	0.916358024691	0.84475308642	0.428703703704	0.502160493827	0.67037037037	0.0010101010101
ACC_DON	2.5	5	6.0	SOScore08	0.270061728395	0.61512345679	0.606790123457	0.600308641975	0.573765432099	0.322839506173	0.787962962963	0.705864197531	0.479938271605	0.278395061728	0.524104938272	0.0010101010101
ACC_DON	2.5	5	6.0	aaScore08	0.249074074074	0.55462962963	0.423148148148	0.487654320988	0.521604938272	0.328395061728	0.403086419753	0.206172839506	0.516049382716	0.393209876543	0.408302469136	0.0010101010101
ACC_DON	2.5	5	6.0	SO	0.25987654321	0.626543209877	0.600925925926	0.574382716049	0.573765432099	0.335802469136	0.769135802469	0.687037037037	0.487654320988	0.273456790123	0.518858024691	0.0010101010101
ACC_DON	2.5	5	6.0	GO	0.493827160494	0.595061728395	0.695987654321	0.674074074074	0.475308641975	0.468827160494	0.736111111111	0.835802469136	0.579012345679	0.573456790123	0.61274691358	0.0010101010101
ACC_DON	2.5	5	6.0	SOScore05	0.291666666667	0.616666666667	0.627777777778	0.63950617284	0.581790123457	0.345987654321	0.802160493827	0.751543209877	0.452160493827	0.296296296296	0.540555555556	0.0010101010101
ACC_DON	2.5	5	6.0	Tanimoto	0.554938271605	0.692592592593	0.719135802469	0.948148148148	0.681481481481	0.347530864198	0.925	0.826234567901	0.431790123457	0.466666666667	0.659351851852	0.0010101010101
CA_ACC_DON	2.5	5	6.0	aaScore05	0.197530864198	0.401234567901	0.335185185185	0.440740740741	0.526234567901	0.309259259259	0.29012345679	0.161728395062	0.389814814815	0.435802469136	0.348765432099	0.0
CA_ACC_DON	2.5	5	6.0	Srel	0.549074074074	0.595987654321	0.799074074074	0.933950617284	0.66049382716	0.40987654321	0.945061728395	0.891358024691	0.495679012346	0.588271604938	0.686882716049	0.0
CA_ACC_DON	2.5	5	6.0	SrelScore08	0.563888888889	0.602469135802	0.8	0.932098765432	0.652777777778	0.399074074074	0.946913580247	0.891358024691	0.515432098765	0.600308641975	0.690432098765	0.0
CA_ACC_DON	2.5	5	6.0	RMSD	0.818209876543	0.523148148148	0.631481481481	0.495987654321	0.481481481481	0.716666666667	0.661419753086	0.807407407407	0.571604938272	0.601234567901	0.630864197531	0.0
CA_ACC_DON	2.5	5	6.0	SrelScore05	0.583333333333	0.623765432099	0.791975308642	0.930864197531	0.640432098765	0.393209876543	0.940740740741	0.890740740741	0.55462962963	0.604320987654	0.695401234568	0.0
CA_ACC_DON	2.5	5	6.0	SOScore08	0.271604938272	0.476851851852	0.653703703704	0.714814814815	0.590740740741	0.400308641975	0.832716049383	0.892283950617	0.567592592593	0.365432098765	0.576604938272	0.0
CA_ACC_DON	2.5	5	6.0	aaScore08	0.185185185185	0.423148148148	0.355555555556	0.485802469136	0.517592592593	0.291358024691	0.316049382716	0.180864197531	0.401234567901	0.408641975309	0.356543209877	0.0
CA_ACC_DON	2.5	5	6.0	SO	0.249691358025	0.456790123457	0.652469135802	0.709259259259	0.595061728395	0.397222222222	0.828395061728	0.898456790123	0.551234567901	0.367901234568	0.570648148148	0.0
CA_ACC_DON	2.5	5	6.0	GO	0.53950617284	0.651543209877	0.663888888889	0.642592592593	0.489814814815	0.468209876543	0.726543209877	0.742283950617	0.600617283951	0.502160493827	0.602716049383	0.0
CA_ACC_DON	2.5	5	6.0	SOScore05	0.305864197531	0.522839506173	0.642592592593	0.72962962963	0.580555555556	0.414814814815	0.842283950617	0.887654320988	0.600925925926	0.376234567901	0.590339506173	0.0
CA_ACC_DON	2.5	5	6.0	Tanimoto	0.549074074074	0.595987654321	0.799074074074	0.933950617284	0.66049382716	0.40987654321	0.945061728395	0.891358024691	0.495679012346	0.588271604938	0.686882716049	0.0
ACC_DON_GRE	2.5	5	6.0	aaScore05	0.403086419753	0.407716049383	0.394444444444	0.231481481481	0.483641975309	0.433950617284	0.282098765432	0.112962962963	0.387037037037	0.492283950617	0.36287037037	0.0
ACC_DON_GRE	2.5	5	6.0	Srel	0.536419753086	0.745061728395	0.731172839506	0.936728395062	0.565432098765	0.50524691358	0.927777777778	0.876543209877	0.611111111111	0.372222222222	0.680771604938	0.0
ACC_DON_GRE	2.5	5	6.0	SrelScore08	0.542283950617	0.748148148148	0.741666666667	0.938888888889	0.559567901235	0.515740740741	0.926543209877	0.880864197531	0.628395061728	0.364197530864	0.68462962963	0.0
ACC_DON_GRE	2.5	5	6.0	RMSD	0.569444444444	0.571913580247	0.593518518519	0.748148148148	0.565432098765	0.505555555556	0.693827160494	0.86049382716	0.461728395062	0.512037037037	0.608209876543	0.0
ACC_DON_GRE	2.5	5	6.0	SrelScore05	0.561419753086	0.729938271605	0.751234567901	0.938888888889	0.534259259259	0.535802469136	0.899074074074	0.887037037037	0.681481481481	0.357716049383	0.687685185185	0.0
ACC_DON_GRE	2.5	5	6.0	SOScore08	0.519444444444	0.734567901235	0.523456790123	0.62037037037	0.608024691358	0.413580246914	0.866358024691	0.826543209877	0.539814814815	0.262962962963	0.591512345679	0.0
ACC_DON_GRE	2.5	5	6.0	aaScore08	0.417592592593	0.418518518519	0.404320987654	0.243827160494	0.442283950617	0.475	0.288888888889	0.126543209877	0.475617283951	0.488888888889	0.378148148148	0.0
ACC_DON_GRE	2.5	5	6.0	SO	0.51450617284	0.733950617284	0.510802469136	0.599382716049	0.612345679012	0.405555555556	0.857098765432	0.803086419753	0.522839506173	0.265432098765	0.5825	0.0
ACC_DON_GRE	2.5	5	6.0	GO	0.622222222222	0.563271604938	0.658950617284	0.718209876543	0.420987654321	0.567592592593	0.685185185185	0.82962962963	0.680864197531	0.469135802469	0.621604938272	0.0
ACC_DON_GRE	2.5	5	6.0	SOScore05	0.558333333333	0.717283950617	0.55462962963	0.675308641975	0.583024691358	0.433641975309	0.854012345679	0.863580246914	0.579938271605	0.267901234568	0.608765432099	0.0
ACC_DON_GRE	2.5	5	6.0	Tanimoto	0.536419753086	0.745061728395	0.731172839506	0.936728395062	0.565432098765	0.50524691358	0.927777777778	0.876543209877	0.611111111111	0.372222222222	0.680771604938	0.0
CA_ACC_DON_GRE	2.5	5	6.0	aaScore05	0.47037037037	0.414197530864	0.336728395062	0.346913580247	0.551851851852	0.504320987654	0.231790123457	0.083024691358	0.47037037037	0.447839506173	0.385740740741	0.0
CA_ACC_DON_GRE	2.5	5	6.0	Srel	0.667592592593	0.608950617284	0.753703703704	0.942283950617	0.657716049383	0.645987654321	0.947530864198	0.911728395062	0.721913580247	0.531481481481	0.738888888889	0.0
CA_ACC_DON_GRE	2.5	5	6.0	SrelScore08	0.680555555556	0.625308641975	0.748765432099	0.945061728395	0.64537037037	0.646913580247	0.95	0.90987654321	0.745061728395	0.527160493827	0.742407407407	0.0
CA_ACC_DON_GRE	2.5	5	6.0	RMSD	0.511419753086	0.504012345679	0.639197530864	0.623765432099	0.500617283951	0.496296296296	0.72962962963	0.882716049383	0.403395061728	0.563271604938	0.585432098765	0.0
CA_ACC_DON_GRE	2.5	5	6.0	SrelScore05	0.703703703704	0.683641975309	0.741666666667	0.942592592593	0.623765432099	0.642901234568	0.946296296296	0.905555555556	0.762962962963	0.535802469136	0.748888888889	0.0
CA_ACC_DON_GRE	2.5	5	6.0	SOScore08	0.617592592593	0.581172839506	0.667283950617	0.798456790123	0.697839506173	0.569444444444	0.901851851852	0.924691358025	0.657407407407	0.374382716049	0.679012345679	0.0
CA_ACC_DON_GRE	2.5	5	6.0	aaScore08	0.487654320988	0.472530864198	0.353703703704	0.366666666667	0.520987654321	0.501234567901	0.254938271605	0.116049382716	0.558024691358	0.417283950617	0.404907407407	0.0
CA_ACC_DON_GRE	2.5	5	6.0	SO	0.610185185185	0.56975308642	0.66512345679	0.795061728395	0.699382716049	0.56975308642	0.891975308642	0.927160493827	0.646604938272	0.389197530864	0.676419753086	0.0
CA_ACC_DON_GRE	2.5	5	6.0	GO	0.586111111111	0.648148148148	0.592283950617	0.616666666667	0.49012345679	0.527469135802	0.757098765432	0.725925925926	0.684567901235	0.446604938272	0.6075	0.0
CA_ACC_DON_GRE	2.5	5	6.0	SOScore05	0.641049382716	0.620679012346	0.664814814815	0.798456790123	0.680555555556	0.57037037037	0.902160493827	0.922222222222	0.645679012346	0.383950617284	0.68299382716	0.0
CA_ACC_DON_GRE	2.5	5	6.0	Tanimoto	0.667592592593	0.608950617284	0.753703703704	0.942283950617	0.657716049383	0.645987654321	0.947530864198	0.911728395062	0.721913580247	0.531481481481	0.738888888889	0.0
CA_GRE	3.0	5	6.0	aaScore05	0.475617283951	0.36450617284	0.390740740741	0.406790123457	0.383333333333	0.60524691358	0.202469135802	0.148765432099	0.438271604938	0.483024691358	0.38987654321	0.0
CA_GRE	3.0	5	6.0	Srel	0.713271604938	0.562962962963	0.798148148148	0.848456790123	0.581172839506	0.720987654321	0.729012345679	0.912037037037	0.683641975309	0.537962962963	0.708765432099	0.0
CA_GRE	3.0	5	6.0	SrelScore08	0.726851851852	0.568518518519	0.801234567901	0.844135802469	0.575308641975	0.727469135802	0.751234567901	0.921296296296	0.705864197531	0.546296296296	0.716820987654	0.0
CA_GRE	3.0	5	6.0	RMSD	0.493518518519	0.620061728395	0.562654320988	0.512037037037	0.607407407407	0.378086419753	0.680555555556	0.845679012346	0.424691358025	0.511728395062	0.563641975309	0.0
CA_GRE	3.0	5	6.0	SrelScore05	0.726543209877	0.561419753086	0.802160493827	0.820679012346	0.549382716049	0.717592592593	0.802469135802	0.925	0.75987654321	0.562345679012	0.72274691358	0.0
CA_GRE	3.0	5	6.0	SOScore08	0.769135802469	0.483641975309	0.660802469136	0.737037037037	0.635185185185	0.650308641975	0.674382716049	0.862962962963	0.533950617284	0.470061728395	0.64774691358	0.0
CA_GRE	3.0	5	6.0	aaScore08	0.500308641975	0.377160493827	0.418518518519	0.451543209877	0.391358024691	0.620987654321	0.282716049383	0.144135802469	0.544444444444	0.482098765432	0.421327160494	0.0
CA_GRE	3.0	5	6.0	SO	0.760185185185	0.493209876543	0.65462962963	0.708950617284	0.62962962963	0.653086419753	0.647222222222	0.855864197531	0.510185185185	0.463271604938	0.63762345679	0.0
CA_GRE	3.0	5	6.0	GO	0.61450617284	0.573148148148	0.641666666667	0.689814814815	0.579012345679	0.493827160494	0.783641975309	0.813888888889	0.741975308642	0.563580246914	0.64950617284	0.0
CA_GRE	3.0	5	6.0	SOScore05	0.767283950617	0.477777777778	0.675	0.766975308642	0.629938271605	0.626234567901	0.729938271605	0.876234567901	0.604938271605	0.478395061728	0.663271604938	0.0
CA_GRE	3.0	5	6.0	Tanimoto	0.713271604938	0.562962962963	0.798148148148	0.848456790123	0.581172839506	0.720987654321	0.729012345679	0.912037037037	0.683641975309	0.537962962963	0.708765432099	0.0
ACC_DON	3.0	5	6.0	aaScore05	0.277777777778	0.481172839506	0.426851851852	0.393518518519	0.540432098765	0.401851851852	0.344444444444	0.204938271605	0.453703703704	0.41975308642	0.394444444444	0.0010101010101
ACC_DON	3.0	5	6.0	Srel	0.516049382716	0.702469135802	0.704012345679	0.955555555556	0.666975308642	0.345679012346	0.918518518519	0.808024691358	0.419444444444	0.482098765432	0.651882716049	0.0010101010101
ACC_DON	3.0	5	6.0	SrelScore08	0.525	0.712962962963	0.710802469136	0.957716049383	0.666358024691	0.361728395062	0.923456790123	0.823456790123	0.42037037037	0.463271604938	0.656512345679	0.0010101010101
ACC_DON	3.0	5	6.0	RMSD	0.728395061728	0.505555555556	0.547222222222	0.513580246914	0.433024691358	0.66450617284	0.630555555556	0.758950617284	0.543209876543	0.601851851852	0.592685185185	0.0010101010101
ACC_DON	3.0	5	6.0	SrelScore05	0.520987654321	0.687654320988	0.712962962963	0.953086419753	0.652469135802	0.381172839506	0.914814814815	0.833333333333	0.406481481481	0.448148148148	0.651111111111	0.0010101010101
ACC_DON	3.0	5	6.0	SOScore08	0.237962962963	0.635802469136	0.558950617284	0.549691358025	0.602160493827	0.364197530864	0.751234567901	0.644135802469	0.481172839506	0.258641975309	0.508395061728	0.0010101010101
ACC_DON	3.0	5	6.0	aaScore08	0.262345679012	0.490432098765	0.436111111111	0.466975308642	0.560802469136	0.357716049383	0.356172839506	0.235185185185	0.45524691358	0.392283950617	0.401327160494	0.0010101010101
ACC_DON	3.0	5	6.0	SO	0.250308641975	0.633333333333	0.54537037037	0.520679012346	0.608641975309	0.367283950617	0.736728395062	0.597222222222	0.475	0.270987654321	0.500555555556	0.0010101010101
ACC_DON	3.0	5	6.0	GO	0.46049382716	0.541975308642	0.633950617284	0.742592592593	0.478086419753	0.502469135802	0.694135802469	0.792901234568	0.488888888889	0.466666666667	0.580216049383	0.0010101010101
ACC_DON	3.0	5	6.0	SOScore05	0.273148148148	0.631172839506	0.59537037037	0.629938271605	0.592901234568	0.329320987654	0.762345679012	0.723765432099	0.49012345679	0.259259259259	0.528734567901	0.0010101010101
ACC_DON	3.0	5	6.0	Tanimoto	0.516049382716	0.702469135802	0.704012345679	0.955555555556	0.666975308642	0.345679012346	0.918518518519	0.808024691358	0.419444444444	0.482098765432	0.651882716049	0.0010101010101
CA_ACC_DON	3.0	5	6.0	aaScore05	0.254012345679	0.518209876543	0.317283950617	0.325925925926	0.55	0.361419753086	0.250617283951	0.113888888889	0.442901234568	0.363888888889	0.349814814815	0.0
CA_ACC_DON	3.0	5	6.0	Srel	0.451234567901	0.638271604938	0.796913580247	0.948765432099	0.687654320988	0.347530864198	0.950925925926	0.891975308642	0.503395061728	0.55462962963	0.67712962963	0.0
CA_ACC_DON	3.0	5	6.0	SrelScore08	0.454320987654	0.646913580247	0.800308641975	0.951234567901	0.686728395062	0.365432098765	0.952160493827	0.891975308642	0.48950617284	0.557098765432	0.679567901235	0.0
CA_ACC_DON	3.0	5	6.0	RMSD	0.738271604938	0.433024691358	0.625925925926	0.63024691358	0.45	0.68487654321	0.71450617284	0.86450617284	0.576543209877	0.677160493827	0.63950617284	0.0
CA_ACC_DON	3.0	5	6.0	SrelScore05	0.451543209877	0.665432098765	0.808641975309	0.945061728395	0.672530864198	0.406172839506	0.950308641975	0.892901234568	0.475617283951	0.563888888889	0.683209876543	0.0
CA_ACC_DON	3.0	5	6.0	SOScore08	0.266358024691	0.535802469136	0.625925925926	0.723456790123	0.631481481481	0.341049382716	0.830555555556	0.901234567901	0.529938271605	0.31049382716	0.56962962963	0.0
CA_ACC_DON	3.0	5	6.0	aaScore08	0.256790123457	0.554320987654	0.36049382716	0.354320987654	0.554938271605	0.321296296296	0.275925925926	0.129320987654	0.406790123457	0.337345679012	0.355154320988	0.0
CA_ACC_DON	3.0	5	6.0	SO	0.250925925926	0.53487654321	0.614814814815	0.722222222222	0.628086419753	0.337037037037	0.82037037037	0.893518518519	0.517283950617	0.312037037037	0.563117283951	0.0
CA_ACC_DON	3.0	5	6.0	GO	0.52037037037	0.598456790123	0.673456790123	0.66450617284	0.513888888889	0.579938271605	0.776851851852	0.819135802469	0.523765432099	0.520987654321	0.619135802469	0.0
CA_ACC_DON	3.0	5	6.0	SOScore05	0.31512345679	0.576234567901	0.645061728395	0.726543209877	0.635802469136	0.360185185185	0.843518518519	0.907098765432	0.555555555556	0.34012345679	0.590524691358	0.0
CA_ACC_DON	3.0	5	6.0	Tanimoto	0.451234567901	0.638271604938	0.796913580247	0.948765432099	0.687654320988	0.347530864198	0.950925925926	0.891975308642	0.503395061728	0.55462962963	0.67712962963	0.0
ACC_DON_GRE	3.0	5	6.0	aaScore05	0.403703703704	0.38487654321	0.381481481481	0.178703703704	0.501851851852	0.529938271605	0.323765432099	0.0740740740741	0.354938271605	0.473765432099	0.360709876543	0.0
ACC_DON_GRE	3.0	5	6.0	Srel	0.552777777778	0.687962962963	0.743209876543	0.942283950617	0.540432098765	0.526234567901	0.945987654321	0.871604938272	0.649074074074	0.425308641975	0.688487654321	0.0
ACC_DON_GRE	3.0	5	6.0	SrelScore08	0.578086419753	0.702160493827	0.745679012346	0.950617283951	0.524691358025	0.53549382716	0.941975308642	0.880864197531	0.665432098765	0.428395061728	0.695339506173	0.0
ACC_DON_GRE	3.0	5	6.0	RMSD	0.551851851852	0.6	0.637654320988	0.790740740741	0.55	0.442283950617	0.697530864198	0.906790123457	0.50524691358	0.511728395062	0.619382716049	0.0
ACC_DON_GRE	3.0	5	6.0	SrelScore05	0.58950617284	0.713580246914	0.721913580247	0.93950617284	0.512037037037	0.528086419753	0.912345679012	0.890740740741	0.70462962963	0.458641975309	0.697098765432	0.0
ACC_DON_GRE	3.0	5	6.0	SOScore08	0.524691358025	0.725925925926	0.479938271605	0.562037037037	0.56049382716	0.40524691358	0.856172839506	0.782716049383	0.543827160494	0.288580246914	0.572962962963	0.0
ACC_DON_GRE	3.0	5	6.0	aaScore08	0.446604938272	0.392901234568	0.354938271605	0.197530864198	0.472222222222	0.555555555556	0.313888888889	0.087037037037	0.436728395062	0.474074074074	0.373148148148	0.0
ACC_DON_GRE	3.0	5	6.0	SO	0.508950617284	0.712654320988	0.455864197531	0.53024691358	0.569444444444	0.398456790123	0.843827160494	0.758333333333	0.536728395062	0.28549382716	0.56	0.0
ACC_DON_GRE	3.0	5	6.0	GO	0.634567901235	0.562345679012	0.636419753086	0.720987654321	0.468827160494	0.480864197531	0.650308641975	0.833950617284	0.699382716049	0.542901234568	0.623055555556	0.0
ACC_DON_GRE	3.0	5	6.0	SOScore05	0.558641975309	0.735802469136	0.526234567901	0.629012345679	0.578703703704	0.429012345679	0.856172839506	0.837345679012	0.600925925926	0.30524691358	0.605709876543	0.0
ACC_DON_GRE	3.0	5	6.0	Tanimoto	0.552777777778	0.687962962963	0.743209876543	0.942283950617	0.540432098765	0.526234567901	0.945987654321	0.871604938272	0.649074074074	0.425308641975	0.688487654321	0.0
CA_ACC_DON_GRE	3.0	5	6.0	aaScore05	0.465432098765	0.362962962963	0.314197530864	0.285185185185	0.522222222222	0.463580246914	0.203703703704	0.0746913580247	0.46975308642	0.478395061728	0.364012345679	0.0
CA_ACC_DON_GRE	3.0	5	6.0	Srel	0.708024691358	0.62037037037	0.814197530864	0.946296296296	0.635185185185	0.678703703704	0.949691358025	0.896913580247	0.727469135802	0.517901234568	0.749475308642	0.0
CA_ACC_DON_GRE	3.0	5	6.0	SrelScore08	0.720061728395	0.628395061728	0.814197530864	0.949382716049	0.631172839506	0.683024691358	0.952469135802	0.897530864198	0.747530864198	0.516049382716	0.753981481481	0.0
CA_ACC_DON_GRE	3.0	5	6.0	RMSD	0.496296296296	0.551234567901	0.66975308642	0.68024691358	0.468518518519	0.51975308642	0.756172839506	0.893209876543	0.425	0.547530864198	0.600771604938	0.0
CA_ACC_DON_GRE	3.0	5	6.0	SrelScore05	0.74475308642	0.65987654321	0.794444444444	0.95	0.641049382716	0.676543209877	0.952469135802	0.90987654321	0.787654320988	0.518209876543	0.763487654321	0.0
CA_ACC_DON_GRE	3.0	5	6.0	SOScore08	0.611728395062	0.533950617284	0.657407407407	0.769135802469	0.682407407407	0.565740740741	0.892592592593	0.919135802469	0.652469135802	0.358641975309	0.664320987654	0.0
CA_ACC_DON_GRE	3.0	5	6.0	aaScore08	0.50462962963	0.416666666667	0.326543209877	0.314814814815	0.532716049383	0.478703703704	0.236419753086	0.103086419753	0.546604938272	0.483024691358	0.394320987654	0.0
CA_ACC_DON_GRE	3.0	5	6.0	SO	0.608024691358	0.53024691358	0.658641975309	0.768209876543	0.683024691358	0.561419753086	0.887345679012	0.914814814815	0.633333333333	0.367283950617	0.661234567901	0.0
CA_ACC_DON_GRE	3.0	5	6.0	GO	0.581790123457	0.656481481481	0.64537037037	0.644444444444	0.483641975309	0.531790123457	0.800925925926	0.788580246914	0.712654320988	0.486728395062	0.633240740741	0.0
CA_ACC_DON_GRE	3.0	5	6.0	SOScore05	0.65	0.575925925926	0.65987654321	0.763580246914	0.677777777778	0.576543209877	0.902160493827	0.929012345679	0.674382716049	0.363580246914	0.677283950617	0.0
CA_ACC_DON_GRE	3.0	5	6.0	Tanimoto	0.708024691358	0.62037037037	0.814197530864	0.946296296296	0.635185185185	0.678703703704	0.949691358025	0.896913580247	0.727469135802	0.517901234568	0.749475308642	0.0
CA_GRE	3.5	5	6.0	aaScore05	0.413580246914	0.430864197531	0.397222222222	0.352469135802	0.501234567901	0.608641975309	0.21975308642	0.152469135802	0.386419753086	0.490432098765	0.395308641975	0.0
CA_GRE	3.5	5	6.0	Srel	0.68024691358	0.568209876543	0.820987654321	0.844135802469	0.582716049383	0.722839506173	0.737962962963	0.927160493827	0.713580246914	0.527160493827	0.7125	0.0
CA_GRE	3.5	5	6.0	SrelScore08	0.683024691358	0.56512345679	0.827160493827	0.852469135802	0.586419753086	0.717283950617	0.753395061728	0.92962962963	0.735185185185	0.543827160494	0.719351851852	0.0
CA_GRE	3.5	5	6.0	RMSD	0.566666666667	0.619135802469	0.557407407407	0.579938271605	0.516358024691	0.37962962963	0.715432098765	0.853086419753	0.478395061728	0.477469135802	0.574351851852	0.0
CA_GRE	3.5	5	6.0	SrelScore05	0.678395061728	0.581481481481	0.79012345679	0.855555555556	0.574691358025	0.696913580247	0.79475308642	0.936419753086	0.77037037037	0.56049382716	0.723919753086	0.0
CA_GRE	3.5	5	6.0	SOScore08	0.742283950617	0.462037037037	0.661728395062	0.683950617284	0.638580246914	0.621913580247	0.643518518519	0.833641975309	0.543827160494	0.461419753086	0.629290123457	0.0
CA_GRE	3.5	5	6.0	aaScore08	0.406172839506	0.392283950617	0.428395061728	0.395061728395	0.492592592593	0.621604938272	0.260185185185	0.144135802469	0.467592592593	0.51512345679	0.412314814815	0.0
CA_GRE	3.5	5	6.0	SO	0.733950617284	0.474074074074	0.651234567901	0.661728395062	0.642592592593	0.625617283951	0.627469135802	0.818209876543	0.522222222222	0.462345679012	0.621944444444	0.0
CA_GRE	3.5	5	6.0	GO	0.603395061728	0.582716049383	0.613271604938	0.702160493827	0.545987654321	0.492283950617	0.801234567901	0.822839506173	0.737654320988	0.556790123457	0.645833333333	0.0
CA_GRE	3.5	5	6.0	SOScore05	0.74012345679	0.476234567901	0.668827160494	0.720679012346	0.627777777778	0.61512345679	0.678703703704	0.863271604938	0.583333333333	0.476543209877	0.645061728395	0.0
CA_GRE	3.5	5	6.0	Tanimoto	0.68024691358	0.568209876543	0.820987654321	0.844135802469	0.582716049383	0.722839506173	0.737962962963	0.927160493827	0.713580246914	0.527160493827	0.7125	0.0
ACC_DON	3.5	5	6.0	aaScore05	0.249074074074	0.466975308642	0.485802469136	0.311728395062	0.559567901235	0.403395061728	0.332716049383	0.211111111111	0.420061728395	0.523765432099	0.396419753086	0.0010101010101
ACC_DON	3.5	5	6.0	Srel	0.474691358025	0.73549382716	0.716049382716	0.951851851852	0.702469135802	0.422222222222	0.917901234568	0.809567901235	0.429320987654	0.545679012346	0.670524691358	0.0010101010101
ACC_DON	3.5	5	6.0	SrelScore08	0.475308641975	0.725308641975	0.735802469136	0.950617283951	0.695987654321	0.419135802469	0.913888888889	0.824691358025	0.441666666667	0.549691358025	0.673209876543	0.0010101010101
ACC_DON	3.5	5	6.0	RMSD	0.728703703704	0.505864197531	0.439814814815	0.586728395062	0.468209876543	0.60524691358	0.651543209877	0.706790123457	0.558950617284	0.499382716049	0.57512345679	0.0010101010101
ACC_DON	3.5	5	6.0	SrelScore05	0.468209876543	0.716975308642	0.750308641975	0.953703703704	0.676234567901	0.430555555556	0.902469135802	0.833024691358	0.437037037037	0.543209876543	0.671172839506	0.0010101010101
ACC_DON	3.5	5	6.0	SOScore08	0.241358024691	0.645679012346	0.547222222222	0.492592592593	0.625	0.331172839506	0.712345679012	0.605555555556	0.465740740741	0.283024691358	0.494969135802	0.0010101010101
ACC_DON	3.5	5	6.0	aaScore08	0.275617283951	0.499691358025	0.536111111111	0.375925925926	0.536728395062	0.4	0.343827160494	0.266049382716	0.409259259259	0.523148148148	0.416635802469	0.0010101010101
ACC_DON	3.5	5	6.0	SO	0.235802469136	0.645679012346	0.537345679012	0.441975308642	0.644135802469	0.318827160494	0.695987654321	0.568518518519	0.47037037037	0.288580246914	0.484722222222	0.0010101010101
ACC_DON	3.5	5	6.0	GO	0.456172839506	0.552160493827	0.632716049383	0.688580246914	0.472839506173	0.558950617284	0.707716049383	0.789814814815	0.520679012346	0.517283950617	0.589691358025	0.0010101010101
ACC_DON	3.5	5	6.0	SOScore05	0.255864197531	0.667283950617	0.563580246914	0.598148148148	0.601234567901	0.368518518519	0.740432098765	0.686419753086	0.495679012346	0.291666666667	0.526882716049	0.0010101010101
ACC_DON	3.5	5	6.0	Tanimoto	0.474691358025	0.73549382716	0.716049382716	0.951851851852	0.702469135802	0.422222222222	0.917901234568	0.809567901235	0.429320987654	0.545679012346	0.670524691358	0.0010101010101
CA_ACC_DON	3.5	5	6.0	aaScore05	0.187037037037	0.467283950617	0.346296296296	0.304938271605	0.537654320988	0.403395061728	0.235802469136	0.108641975309	0.41975308642	0.404938271605	0.341574074074	0.0
CA_ACC_DON	3.5	5	6.0	Srel	0.40462962963	0.638580246914	0.802469135802	0.966358024691	0.685802469136	0.363888888889	0.95987654321	0.891975308642	0.480864197531	0.536111111111	0.673055555556	0.0
CA_ACC_DON	3.5	5	6.0	SrelScore08	0.408950617284	0.651851851852	0.798148148148	0.967283950617	0.678086419753	0.371604938272	0.96049382716	0.891975308642	0.48549382716	0.530555555556	0.674444444444	0.0
CA_ACC_DON	3.5	5	6.0	RMSD	0.813888888889	0.466666666667	0.629320987654	0.668827160494	0.495679012346	0.613271604938	0.745061728395	0.870987654321	0.541666666667	0.588580246914	0.643395061728	0.0
CA_ACC_DON	3.5	5	6.0	SrelScore05	0.42037037037	0.671296296296	0.796913580247	0.958333333333	0.652777777778	0.389197530864	0.956172839506	0.892283950617	0.527777777778	0.562037037037	0.682716049383	0.0
CA_ACC_DON	3.5	5	6.0	SOScore08	0.207716049383	0.554938271605	0.605864197531	0.688271604938	0.638888888889	0.371913580247	0.825308641975	0.859259259259	0.513271604938	0.307407407407	0.557283950617	0.0
CA_ACC_DON	3.5	5	6.0	aaScore08	0.175	0.506172839506	0.369135802469	0.321604938272	0.518209876543	0.398456790123	0.256790123457	0.12037037037	0.452469135802	0.407407407407	0.352561728395	0.0
CA_ACC_DON	3.5	5	6.0	SO	0.204320987654	0.534259259259	0.606481481481	0.667283950617	0.637037037037	0.360185185185	0.816358024691	0.850308641975	0.509259259259	0.306172839506	0.549166666667	0.0
CA_ACC_DON	3.5	5	6.0	GO	0.520061728395	0.606172839506	0.636419753086	0.675617283951	0.491975308642	0.492901234568	0.753703703704	0.79537037037	0.597222222222	0.481790123457	0.60512345679	0.0
CA_ACC_DON	3.5	5	6.0	SOScore05	0.26512345679	0.583950617284	0.626234567901	0.715432098765	0.619135802469	0.386419753086	0.837654320988	0.872839506173	0.528703703704	0.319444444444	0.57549382716	0.0
CA_ACC_DON	3.5	5	6.0	Tanimoto	0.40462962963	0.638580246914	0.802469135802	0.966358024691	0.685802469136	0.363888888889	0.95987654321	0.891975308642	0.480864197531	0.536111111111	0.673055555556	0.0
ACC_DON_GRE	3.5	5	6.0	aaScore05	0.367901234568	0.266049382716	0.40987654321	0.170061728395	0.479938271605	0.515432098765	0.254320987654	0.133950617284	0.396913580247	0.530555555556	0.3525	0.0
ACC_DON_GRE	3.5	5	6.0	Srel	0.60987654321	0.641975308642	0.741049382716	0.930555555556	0.521296296296	0.58487654321	0.901543209877	0.847530864198	0.61450617284	0.408024691358	0.68012345679	0.0
ACC_DON_GRE	3.5	5	6.0	SrelScore08	0.618518518519	0.645061728395	0.739197530864	0.937037037037	0.51450617284	0.572839506173	0.9	0.863580246914	0.634567901235	0.417901234568	0.684320987654	0.0
ACC_DON_GRE	3.5	5	6.0	RMSD	0.546296296296	0.683641975309	0.600617283951	0.829938271605	0.533950617284	0.42037037037	0.789814814815	0.830864197531	0.51049382716	0.434259259259	0.618024691358	0.0
ACC_DON_GRE	3.5	5	6.0	SrelScore05	0.618209876543	0.656481481481	0.737962962963	0.935802469136	0.511111111111	0.566666666667	0.887962962963	0.880864197531	0.641666666667	0.440740740741	0.68774691358	0.0
ACC_DON_GRE	3.5	5	6.0	SOScore08	0.55987654321	0.698765432099	0.442901234568	0.455555555556	0.576543209877	0.420061728395	0.790432098765	0.725308641975	0.513580246914	0.293518518519	0.547654320988	0.0
ACC_DON_GRE	3.5	5	6.0	aaScore08	0.431790123457	0.299074074074	0.401234567901	0.155555555556	0.45	0.556790123457	0.220987654321	0.153703703704	0.464814814815	0.56975308642	0.37037037037	0.0
ACC_DON_GRE	3.5	5	6.0	SO	0.533333333333	0.660802469136	0.427160493827	0.412654320988	0.572222222222	0.421913580247	0.762345679012	0.684259259259	0.501851851852	0.28024691358	0.525679012346	0.0
ACC_DON_GRE	3.5	5	6.0	GO	0.631790123457	0.599382716049	0.629938271605	0.737962962963	0.501234567901	0.550925925926	0.701543209877	0.842901234568	0.653703703704	0.508950617284	0.635833333333	0.0
ACC_DON_GRE	3.5	5	6.0	SOScore05	0.616666666667	0.717901234568	0.501543209877	0.564197530864	0.57037037037	0.423765432099	0.812345679012	0.803395061728	0.563580246914	0.306481481481	0.588024691358	0.0
ACC_DON_GRE	3.5	5	6.0	Tanimoto	0.60987654321	0.641975308642	0.741049382716	0.930555555556	0.521296296296	0.58487654321	0.901543209877	0.847530864198	0.61450617284	0.408024691358	0.68012345679	0.0
CA_ACC_DON_GRE	3.5	5	6.0	aaScore05	0.454938271605	0.375925925926	0.325308641975	0.222839506173	0.484567901235	0.479012345679	0.151851851852	0.0993827160494	0.376851851852	0.442592592593	0.341327160494	0.0
CA_ACC_DON_GRE	3.5	5	6.0	Srel	0.714814814815	0.618518518519	0.81049382716	0.953086419753	0.686111111111	0.659567901235	0.958024691358	0.894135802469	0.703395061728	0.53487654321	0.753302469136	0.0
CA_ACC_DON_GRE	3.5	5	6.0	SrelScore08	0.727777777778	0.632098765432	0.811111111111	0.954320987654	0.690740740741	0.666049382716	0.959259259259	0.895061728395	0.722839506173	0.532716049383	0.759197530864	0.0
CA_ACC_DON_GRE	3.5	5	6.0	RMSD	0.51049382716	0.587654320988	0.678086419753	0.779012345679	0.494444444444	0.484567901235	0.837654320988	0.936111111111	0.500617283951	0.563580246914	0.637222222222	0.0
CA_ACC_DON_GRE	3.5	5	6.0	SrelScore05	0.736728395062	0.675	0.8	0.951234567901	0.646296296296	0.669135802469	0.958024691358	0.899382716049	0.739197530864	0.525308641975	0.760030864198	0.0
CA_ACC_DON_GRE	3.5	5	6.0	SOScore08	0.629938271605	0.532716049383	0.654320987654	0.721604938272	0.682716049383	0.616358024691	0.906481481481	0.899691358025	0.606481481481	0.354320987654	0.660462962963	0.0
CA_ACC_DON_GRE	3.5	5	6.0	aaScore08	0.479012345679	0.401234567901	0.318518518519	0.218518518519	0.508641975309	0.501234567901	0.155555555556	0.0746913580247	0.451234567901	0.435185185185	0.354382716049	0.0
CA_ACC_DON_GRE	3.5	5	6.0	SO	0.630864197531	0.525	0.65462962963	0.725	0.676543209877	0.60524691358	0.902160493827	0.895061728395	0.59537037037	0.361419753086	0.65712962963	0.0
CA_ACC_DON_GRE	3.5	5	6.0	GO	0.600308641975	0.622222222222	0.585185185185	0.667592592593	0.457716049383	0.543209876543	0.800925925926	0.756172839506	0.686111111111	0.482716049383	0.620216049383	0.0
CA_ACC_DON_GRE	3.5	5	6.0	SOScore05	0.65462962963	0.556790123457	0.654320987654	0.718518518519	0.676851851852	0.61512345679	0.912962962963	0.902469135802	0.642901234568	0.33487654321	0.666944444444	0.0
CA_ACC_DON_GRE	3.5	5	6.0	Tanimoto	0.714814814815	0.618518518519	0.81049382716	0.953086419753	0.686111111111	0.659567901235	0.958024691358	0.894135802469	0.703395061728	0.53487654321	0.753302469136	0.0
