Atomtypes	Cuttoff	Ncliques	Distance	Median(Score)	LDA	SUC	SAM	LLP	U5P	1PE	PMP	GSH	PLM	BOG	Mean	Percent
CA_GRE	1.5	5	6.0	aaScore05	0.516975308642	0.487654320988	0.593209876543	0.61975308642	0.412037037037	0.637037037037	0.409259259259	0.551851851852	0.590740740741	0.473765432099	0.529228395062	0.0
CA_GRE	1.5	5	6.0	Srel	0.661728395062	0.645987654321	0.661419753086	0.642283950617	0.535802469136	0.630864197531	0.682716049383	0.934567901235	0.55462962963	0.576543209877	0.652654320988	0.0
CA_GRE	1.5	5	6.0	SrelScore08	0.67037037037	0.64537037037	0.663580246914	0.654012345679	0.56049382716	0.648148148148	0.672839506173	0.941049382716	0.576851851852	0.563271604938	0.659598765432	0.0
CA_GRE	1.5	5	6.0	RMSD	0.429320987654	0.508333333333	0.383024691358	0.33549382716	0.615740740741	0.351543209877	0.495679012346	0.358333333333	0.326543209877	0.5	0.430401234568	0.0
CA_GRE	1.5	5	6.0	SrelScore05	0.686419753086	0.623765432099	0.650308641975	0.675308641975	0.600617283951	0.642283950617	0.661111111111	0.949382716049	0.619135802469	0.577777777778	0.668611111111	0.0
CA_GRE	1.5	5	6.0	SOScore08	0.682098765432	0.520061728395	0.51975308642	0.58950617284	0.579938271605	0.56450617284	0.625617283951	0.913580246914	0.432407407407	0.51975308642	0.594722222222	0.0
CA_GRE	1.5	5	6.0	aaScore08	0.554012345679	0.492592592593	0.611419753086	0.660802469136	0.386728395062	0.635185185185	0.471604938272	0.617592592593	0.659567901235	0.499074074074	0.558858024691	0.0
CA_GRE	1.5	5	6.0	SO	0.683024691358	0.515432098765	0.52037037037	0.58950617284	0.583024691358	0.56049382716	0.612962962963	0.91450617284	0.40462962963	0.504012345679	0.588796296296	0.0
CA_GRE	1.5	5	6.0	GO	0.544444444444	0.520061728395	0.526543209877	0.679320987654	0.54537037037	0.516358024691	0.724382716049	0.794135802469	0.622839506173	0.502777777778	0.59762345679	0.0
CA_GRE	1.5	5	6.0	SOScore05	0.693827160494	0.489814814815	0.508333333333	0.592283950617	0.582716049383	0.557716049383	0.64475308642	0.919135802469	0.457098765432	0.527469135802	0.597314814815	0.0
CA_GRE	1.5	5	6.0	Tanimoto	0.661728395062	0.645987654321	0.661419753086	0.642283950617	0.535802469136	0.630864197531	0.682716049383	0.934567901235	0.55462962963	0.576543209877	0.652654320988	0.0
ACC_DON	1.5	5	6.0	aaScore05	0.207407407407	0.5	0.595987654321	0.682407407407	0.602469135802	0.31512345679	0.568827160494	0.431790123457	0.387962962963	0.357407407407	0.464938271605	0.0130303030303
ACC_DON	1.5	5	6.0	Srel	0.535802469136	0.600617283951	0.763580246914	0.894135802469	0.657407407407	0.562037037037	0.873456790123	0.872222222222	0.470679012346	0.558333333333	0.678827160494	0.0130303030303
ACC_DON	1.5	5	6.0	SrelScore08	0.553395061728	0.62037037037	0.768518518519	0.900617283951	0.65	0.558950617284	0.873765432099	0.876851851852	0.466049382716	0.556481481481	0.6825	0.0130303030303
ACC_DON	1.5	5	6.0	RMSD	0.584259259259	0.481790123457	0.323456790123	0.233641975309	0.406481481481	0.691358024691	0.356790123457	0.526234567901	0.625617283951	0.650617283951	0.488024691358	0.0130303030303
ACC_DON	1.5	5	6.0	SrelScore05	0.553395061728	0.642283950617	0.772222222222	0.902469135802	0.666666666667	0.546296296296	0.863888888889	0.88024691358	0.482407407407	0.542283950617	0.685216049383	0.0130303030303
ACC_DON	1.5	5	6.0	SOScore08	0.375925925926	0.594135802469	0.652777777778	0.608024691358	0.593827160494	0.459567901235	0.766358024691	0.808950617284	0.517901234568	0.372530864198	0.575	0.0130303030303
ACC_DON	1.5	5	6.0	aaScore08	0.208641975309	0.513580246914	0.658641975309	0.749382716049	0.596913580247	0.316666666667	0.607407407407	0.469135802469	0.387654320988	0.361419753086	0.486944444444	0.0130303030303
ACC_DON	1.5	5	6.0	SO	0.356481481481	0.593827160494	0.642592592593	0.597839506173	0.594444444444	0.450925925926	0.757407407407	0.794444444444	0.50462962963	0.359567901235	0.565216049383	0.0130303030303
ACC_DON	1.5	5	6.0	GO	0.478395061728	0.616358024691	0.670679012346	0.678703703704	0.531790123457	0.487037037037	0.688888888889	0.716666666667	0.539814814815	0.479320987654	0.588765432099	0.0130303030303
ACC_DON	1.5	5	6.0	SOScore05	0.391049382716	0.617592592593	0.662962962963	0.606790123457	0.624382716049	0.450617283951	0.782716049383	0.823148148148	0.534567901235	0.375308641975	0.586913580247	0.0130303030303
ACC_DON	1.5	5	6.0	Tanimoto	0.535802469136	0.600617283951	0.763580246914	0.894135802469	0.657407407407	0.562037037037	0.873456790123	0.872222222222	0.470679012346	0.558333333333	0.678827160494	0.0130303030303
CA_ACC_DON	1.5	5	6.0	aaScore05	0.323148148148	0.497839506173	0.613271604938	0.692901234568	0.559259259259	0.359259259259	0.532098765432	0.497530864198	0.421604938272	0.449382716049	0.49462962963	0.00020202020202
CA_ACC_DON	1.5	5	6.0	Srel	0.773765432099	0.545987654321	0.790740740741	0.875308641975	0.712037037037	0.645679012346	0.893827160494	0.888888888889	0.561419753086	0.65	0.733765432099	0.00020202020202
CA_ACC_DON	1.5	5	6.0	SrelScore08	0.76049382716	0.557098765432	0.796913580247	0.882098765432	0.699382716049	0.637345679012	0.894444444444	0.888888888889	0.554938271605	0.634567901235	0.730617283951	0.00020202020202
CA_ACC_DON	1.5	5	6.0	RMSD	0.673765432099	0.489197530864	0.333641975309	0.226851851852	0.447222222222	0.649691358025	0.400617283951	0.445679012346	0.570679012346	0.570987654321	0.480833333333	0.00020202020202
CA_ACC_DON	1.5	5	6.0	SrelScore05	0.710802469136	0.588271604938	0.795987654321	0.895679012346	0.662345679012	0.597839506173	0.894444444444	0.888888888889	0.548765432099	0.625617283951	0.720864197531	0.00020202020202
CA_ACC_DON	1.5	5	6.0	SOScore08	0.41049382716	0.502160493827	0.651234567901	0.597530864198	0.603086419753	0.546604938272	0.804012345679	0.893518518519	0.581481481481	0.451543209877	0.604166666667	0.00020202020202
CA_ACC_DON	1.5	5	6.0	aaScore08	0.325308641975	0.508950617284	0.642283950617	0.749691358025	0.552469135802	0.355555555556	0.587654320988	0.54012345679	0.425925925926	0.429012345679	0.511697530864	0.00020202020202
CA_ACC_DON	1.5	5	6.0	SO	0.394135802469	0.475	0.650617283951	0.594444444444	0.600925925926	0.546913580247	0.794444444444	0.892901234568	0.591358024691	0.452160493827	0.599290123457	0.00020202020202
CA_ACC_DON	1.5	5	6.0	GO	0.483024691358	0.60462962963	0.652160493827	0.678703703704	0.494135802469	0.431172839506	0.717283950617	0.717283950617	0.549691358025	0.460802469136	0.578888888889	0.00020202020202
CA_ACC_DON	1.5	5	6.0	SOScore05	0.433950617284	0.537962962963	0.655555555556	0.632407407407	0.597530864198	0.536419753086	0.80462962963	0.903395061728	0.600925925926	0.45	0.615277777778	0.00020202020202
CA_ACC_DON	1.5	5	6.0	Tanimoto	0.773765432099	0.545987654321	0.790740740741	0.875308641975	0.712037037037	0.645679012346	0.893827160494	0.888888888889	0.561419753086	0.65	0.733765432099	0.00020202020202
ACC_DON_GRE	1.5	5	6.0	aaScore05	0.350925925926	0.428086419753	0.412962962963	0.498456790123	0.488580246914	0.462962962963	0.387037037037	0.195061728395	0.438580246914	0.37037037037	0.403302469136	0.0
ACC_DON_GRE	1.5	5	6.0	Srel	0.637345679012	0.691975308642	0.731790123457	0.911111111111	0.547839506173	0.58487654321	0.882716049383	0.925	0.565740740741	0.45524691358	0.693364197531	0.0
ACC_DON_GRE	1.5	5	6.0	SrelScore08	0.652777777778	0.685802469136	0.737962962963	0.912345679012	0.552777777778	0.593827160494	0.896296296296	0.930864197531	0.598148148148	0.446913580247	0.700771604938	0.0
ACC_DON_GRE	1.5	5	6.0	RMSD	0.586419753086	0.515740740741	0.458950617284	0.406481481481	0.478395061728	0.527777777778	0.508024691358	0.733641975309	0.500308641975	0.596296296296	0.531203703704	0.0
ACC_DON_GRE	1.5	5	6.0	SrelScore05	0.662654320988	0.670679012346	0.748765432099	0.907716049383	0.566666666667	0.590432098765	0.885802469136	0.925925925926	0.643209876543	0.414197530864	0.701604938272	0.0
ACC_DON_GRE	1.5	5	6.0	SOScore08	0.573765432099	0.663888888889	0.625925925926	0.729012345679	0.57962962963	0.518827160494	0.842901234568	0.921604938272	0.519444444444	0.354320987654	0.632932098765	0.0
ACC_DON_GRE	1.5	5	6.0	aaScore08	0.38549382716	0.447839506173	0.529012345679	0.566049382716	0.512345679012	0.481481481481	0.473148148148	0.24475308642	0.47962962963	0.374382716049	0.449413580247	0.0
ACC_DON_GRE	1.5	5	6.0	SO	0.577777777778	0.651234567901	0.612037037037	0.728086419753	0.579012345679	0.511111111111	0.842283950617	0.924382716049	0.495061728395	0.352160493827	0.627314814815	0.0
ACC_DON_GRE	1.5	5	6.0	GO	0.643209876543	0.575	0.707716049383	0.656790123457	0.568518518519	0.598148148148	0.728395061728	0.759567901235	0.64537037037	0.474382716049	0.635709876543	0.0
ACC_DON_GRE	1.5	5	6.0	SOScore05	0.586111111111	0.674382716049	0.643209876543	0.755555555556	0.563888888889	0.539814814815	0.841666666667	0.931790123457	0.569444444444	0.371604938272	0.64774691358	0.0
ACC_DON_GRE	1.5	5	6.0	Tanimoto	0.637345679012	0.691975308642	0.731790123457	0.911111111111	0.547839506173	0.58487654321	0.882716049383	0.925	0.565740740741	0.45524691358	0.693364197531	0.0
CA_ACC_DON_GRE	1.5	5	6.0	aaScore05	0.464197530864	0.409567901235	0.533950617284	0.585185185185	0.483333333333	0.525925925926	0.50987654321	0.374074074074	0.583024691358	0.467283950617	0.493641975309	0.0
CA_ACC_DON_GRE	1.5	5	6.0	Srel	0.7	0.578395061728	0.741666666667	0.892592592593	0.696913580247	0.712037037037	0.901851851852	0.927777777778	0.655864197531	0.624074074074	0.743117283951	0.0
CA_ACC_DON_GRE	1.5	5	6.0	SrelScore08	0.706172839506	0.604012345679	0.74012345679	0.888888888889	0.68024691358	0.695679012346	0.899382716049	0.928395061728	0.66512345679	0.621296296296	0.742932098765	0.0
CA_ACC_DON_GRE	1.5	5	6.0	RMSD	0.49537037037	0.535802469136	0.428395061728	0.334259259259	0.521913580247	0.460185185185	0.428703703704	0.588888888889	0.400617283951	0.543518518519	0.473765432099	0.0
CA_ACC_DON_GRE	1.5	5	6.0	SrelScore05	0.71450617284	0.631790123457	0.744444444444	0.875308641975	0.625925925926	0.674382716049	0.89012345679	0.942592592593	0.686728395062	0.610185185185	0.739598765432	0.0
CA_ACC_DON_GRE	1.5	5	6.0	SOScore08	0.642592592593	0.56512345679	0.670061728395	0.746296296296	0.695679012346	0.645987654321	0.844135802469	0.955555555556	0.557098765432	0.506790123457	0.682932098765	0.0
CA_ACC_DON_GRE	1.5	5	6.0	aaScore08	0.50524691358	0.447839506173	0.554938271605	0.638888888889	0.486419753086	0.541975308642	0.549382716049	0.402469135802	0.598148148148	0.461111111111	0.518641975309	0.0
CA_ACC_DON_GRE	1.5	5	6.0	SO	0.632098765432	0.551234567901	0.666049382716	0.733641975309	0.709259259259	0.648456790123	0.842283950617	0.954320987654	0.548765432099	0.504012345679	0.679012345679	0.0
CA_ACC_DON_GRE	1.5	5	6.0	GO	0.575308641975	0.598456790123	0.643518518519	0.674074074074	0.375925925926	0.493518518519	0.707407407407	0.643518518519	0.625	0.501543209877	0.583827160494	0.0
CA_ACC_DON_GRE	1.5	5	6.0	SOScore05	0.629320987654	0.553395061728	0.680555555556	0.761111111111	0.665740740741	0.640432098765	0.853703703704	0.953703703704	0.573456790123	0.486419753086	0.679783950617	0.0
CA_ACC_DON_GRE	1.5	5	6.0	Tanimoto	0.7	0.578395061728	0.741666666667	0.892592592593	0.696913580247	0.712037037037	0.901851851852	0.927777777778	0.655864197531	0.624074074074	0.743117283951	0.0
CA_GRE	2.0	5	6.0	aaScore05	0.483950617284	0.456481481481	0.517283950617	0.503395061728	0.447222222222	0.626543209877	0.342592592593	0.356172839506	0.580864197531	0.431790123457	0.47462962963	0.0
CA_GRE	2.0	5	6.0	Srel	0.671913580247	0.63487654321	0.801851851852	0.761111111111	0.563888888889	0.643827160494	0.674691358025	0.936111111111	0.614814814815	0.55987654321	0.686296296296	0.0
CA_GRE	2.0	5	6.0	SrelScore08	0.688580246914	0.630864197531	0.808641975309	0.763580246914	0.58024691358	0.648765432099	0.697839506173	0.931790123457	0.653086419753	0.552777777778	0.695617283951	0.0
CA_GRE	2.0	5	6.0	RMSD	0.518518518519	0.542592592593	0.416666666667	0.411111111111	0.552160493827	0.373765432099	0.555555555556	0.575	0.311728395062	0.560185185185	0.481728395062	0.0
CA_GRE	2.0	5	6.0	SrelScore05	0.691666666667	0.628086419753	0.785802469136	0.745987654321	0.633950617284	0.631790123457	0.729012345679	0.933024691358	0.698765432099	0.534567901235	0.701265432099	0.0
CA_GRE	2.0	5	6.0	SOScore08	0.715432098765	0.501543209877	0.637962962963	0.661419753086	0.602469135802	0.557407407407	0.663271604938	0.901234567901	0.50524691358	0.479012345679	0.6225	0.0
CA_GRE	2.0	5	6.0	aaScore08	0.486111111111	0.453395061728	0.574382716049	0.571296296296	0.442901234568	0.624074074074	0.412037037037	0.404938271605	0.663271604938	0.437345679012	0.506975308642	0.0
CA_GRE	2.0	5	6.0	SO	0.707716049383	0.494135802469	0.608641975309	0.646296296296	0.601851851852	0.56975308642	0.636728395062	0.898148148148	0.476851851852	0.480864197531	0.612098765432	0.0
CA_GRE	2.0	5	6.0	GO	0.541358024691	0.494135802469	0.570061728395	0.720679012346	0.540432098765	0.521604938272	0.775617283951	0.767592592593	0.682716049383	0.541975308642	0.615617283951	0.0
CA_GRE	2.0	5	6.0	SOScore05	0.71512345679	0.482098765432	0.658024691358	0.696604938272	0.623456790123	0.533641975309	0.691975308642	0.905555555556	0.544135802469	0.473765432099	0.632438271605	0.0
CA_GRE	2.0	5	6.0	Tanimoto	0.671913580247	0.63487654321	0.801851851852	0.761111111111	0.563888888889	0.643827160494	0.674691358025	0.936111111111	0.614814814815	0.55987654321	0.686296296296	0.0
ACC_DON	2.0	5	6.0	aaScore05	0.183333333333	0.441358024691	0.450925925926	0.579012345679	0.581790123457	0.362037037037	0.448148148148	0.326543209877	0.389197530864	0.375	0.413734567901	0.0130303030303
ACC_DON	2.0	5	6.0	Srel	0.423456790123	0.608641975309	0.723765432099	0.932098765432	0.687037037037	0.521913580247	0.910802469136	0.866975308642	0.430864197531	0.478086419753	0.658364197531	0.0130303030303
ACC_DON	2.0	5	6.0	SrelScore08	0.43024691358	0.624691358025	0.726543209877	0.931481481481	0.679012345679	0.515740740741	0.914814814815	0.873148148148	0.446913580247	0.496296296296	0.663888888889	0.0130303030303
ACC_DON	2.0	5	6.0	RMSD	0.567283950617	0.463271604938	0.451543209877	0.327160493827	0.416049382716	0.673765432099	0.473765432099	0.586111111111	0.641049382716	0.644444444444	0.524444444444	0.0130303030303
ACC_DON	2.0	5	6.0	SrelScore05	0.450308641975	0.651851851852	0.741049382716	0.928703703704	0.697530864198	0.514197530864	0.909567901235	0.879320987654	0.501543209877	0.522222222222	0.67962962963	0.0130303030303
ACC_DON	2.0	5	6.0	SOScore08	0.345061728395	0.558024691358	0.627777777778	0.720987654321	0.622839506173	0.41975308642	0.831172839506	0.791975308642	0.46512345679	0.334259259259	0.571697530864	0.0130303030303
ACC_DON	2.0	5	6.0	aaScore08	0.185802469136	0.487654320988	0.529320987654	0.646913580247	0.598765432099	0.35987654321	0.493209876543	0.377777777778	0.378703703704	0.362654320988	0.442067901235	0.0130303030303
ACC_DON	2.0	5	6.0	SO	0.337654320988	0.549382716049	0.606481481481	0.711111111111	0.627469135802	0.410185185185	0.818518518519	0.772222222222	0.449074074074	0.32037037037	0.56024691358	0.0130303030303
ACC_DON	2.0	5	6.0	GO	0.477777777778	0.628395061728	0.681790123457	0.663888888889	0.559567901235	0.494444444444	0.75462962963	0.737962962963	0.61512345679	0.496913580247	0.611049382716	0.0130303030303
ACC_DON	2.0	5	6.0	SOScore05	0.352777777778	0.604012345679	0.650308641975	0.735185185185	0.620987654321	0.446913580247	0.842592592593	0.82962962963	0.480555555556	0.363580246914	0.592654320988	0.0130303030303
ACC_DON	2.0	5	6.0	Tanimoto	0.423456790123	0.608641975309	0.723765432099	0.932098765432	0.687037037037	0.521913580247	0.910802469136	0.866975308642	0.430864197531	0.478086419753	0.658364197531	0.0130303030303
CA_ACC_DON	2.0	5	6.0	aaScore05	0.270061728395	0.387962962963	0.410185185185	0.57037037037	0.533641975309	0.339814814815	0.411419753086	0.343518518519	0.410185185185	0.452777777778	0.41299382716	0.00020202020202
CA_ACC_DON	2.0	5	6.0	Srel	0.631790123457	0.554938271605	0.804012345679	0.912654320988	0.700308641975	0.58549382716	0.931790123457	0.888888888889	0.54475308642	0.617901234568	0.71725308642	0.00020202020202
CA_ACC_DON	2.0	5	6.0	SrelScore08	0.624382716049	0.579938271605	0.808024691358	0.91975308642	0.708950617284	0.577777777778	0.935185185185	0.888888888889	0.563888888889	0.623148148148	0.72299382716	0.00020202020202
CA_ACC_DON	2.0	5	6.0	RMSD	0.732716049383	0.552469135802	0.50987654321	0.345679012346	0.456790123457	0.697222222222	0.510802469136	0.619444444444	0.583024691358	0.561419753086	0.556944444444	0.00020202020202
CA_ACC_DON	2.0	5	6.0	SrelScore05	0.613271604938	0.596913580247	0.825	0.91975308642	0.678086419753	0.550617283951	0.939197530864	0.888888888889	0.582716049383	0.617283950617	0.721172839506	0.00020202020202
CA_ACC_DON	2.0	5	6.0	SOScore08	0.339814814815	0.488580246914	0.698765432099	0.7	0.625	0.479320987654	0.833950617284	0.883950617284	0.587654320988	0.39475308642	0.603179012346	0.00020202020202
CA_ACC_DON	2.0	5	6.0	aaScore08	0.266049382716	0.450308641975	0.466975308642	0.622222222222	0.543518518519	0.312345679012	0.453395061728	0.361419753086	0.412962962963	0.441049382716	0.433024691358	0.00020202020202
CA_ACC_DON	2.0	5	6.0	SO	0.330864197531	0.479320987654	0.69475308642	0.692901234568	0.638580246914	0.48024691358	0.825925925926	0.88487654321	0.58487654321	0.40462962963	0.601697530864	0.00020202020202
CA_ACC_DON	2.0	5	6.0	GO	0.488271604938	0.629938271605	0.727469135802	0.717283950617	0.475	0.502777777778	0.774074074074	0.694444444444	0.571604938272	0.488271604938	0.606913580247	0.00020202020202
CA_ACC_DON	2.0	5	6.0	SOScore05	0.390740740741	0.496913580247	0.71049382716	0.718518518519	0.614814814815	0.525925925926	0.849382716049	0.875925925926	0.555555555556	0.398148148148	0.613641975309	0.00020202020202
CA_ACC_DON	2.0	5	6.0	Tanimoto	0.631790123457	0.554938271605	0.804012345679	0.912654320988	0.700308641975	0.58549382716	0.931790123457	0.888888888889	0.54475308642	0.617901234568	0.71725308642	0.00020202020202
ACC_DON_GRE	2.0	5	6.0	aaScore05	0.332716049383	0.409259259259	0.329320987654	0.403086419753	0.475925925926	0.383641975309	0.291358024691	0.0938271604938	0.485802469136	0.440432098765	0.364537037037	0.0
ACC_DON_GRE	2.0	5	6.0	Srel	0.51049382716	0.680555555556	0.67962962963	0.92962962963	0.556172839506	0.507098765432	0.888580246914	0.897530864198	0.631172839506	0.479320987654	0.676018518519	0.0
ACC_DON_GRE	2.0	5	6.0	SrelScore08	0.523765432099	0.688888888889	0.681790123457	0.925617283951	0.563580246914	0.531481481481	0.896296296296	0.899382716049	0.636728395062	0.479320987654	0.682685185185	0.0
ACC_DON_GRE	2.0	5	6.0	RMSD	0.643209876543	0.549691358025	0.540740740741	0.58487654321	0.475308641975	0.575925925926	0.686111111111	0.889814814815	0.422530864198	0.591049382716	0.595925925926	0.0
ACC_DON_GRE	2.0	5	6.0	SrelScore05	0.561111111111	0.689814814815	0.697530864198	0.910185185185	0.573456790123	0.59475308642	0.906172839506	0.909567901235	0.687037037037	0.473456790123	0.700308641975	0.0
ACC_DON_GRE	2.0	5	6.0	SOScore08	0.503086419753	0.703703703704	0.595679012346	0.75	0.550617283951	0.482407407407	0.841975308642	0.893518518519	0.60524691358	0.358333333333	0.628456790123	0.0
ACC_DON_GRE	2.0	5	6.0	aaScore08	0.359259259259	0.444444444444	0.406172839506	0.417283950617	0.50987654321	0.413888888889	0.286419753086	0.0987654320988	0.55	0.418518518519	0.390462962963	0.0
ACC_DON_GRE	2.0	5	6.0	SO	0.476851851852	0.693827160494	0.578395061728	0.748148148148	0.552469135802	0.483024691358	0.840432098765	0.886111111111	0.574691358025	0.357098765432	0.619104938272	0.0
ACC_DON_GRE	2.0	5	6.0	GO	0.637345679012	0.560185185185	0.717901234568	0.612037037037	0.59475308642	0.603086419753	0.754012345679	0.766666666667	0.656481481481	0.480864197531	0.638333333333	0.0
ACC_DON_GRE	2.0	5	6.0	SOScore05	0.532098765432	0.725925925926	0.632716049383	0.756790123457	0.552160493827	0.488888888889	0.853086419753	0.904012345679	0.639197530864	0.377160493827	0.646203703704	0.0
ACC_DON_GRE	2.0	5	6.0	Tanimoto	0.51049382716	0.680555555556	0.67962962963	0.92962962963	0.556172839506	0.507098765432	0.888580246914	0.897530864198	0.631172839506	0.479320987654	0.676018518519	0.0
CA_ACC_DON_GRE	2.0	5	6.0	aaScore05	0.387962962963	0.396604938272	0.529012345679	0.454938271605	0.502160493827	0.429012345679	0.370679012346	0.177469135802	0.468518518519	0.439814814815	0.415617283951	0.0
CA_ACC_DON_GRE	2.0	5	6.0	Srel	0.720679012346	0.54475308642	0.796913580247	0.921604938272	0.670679012346	0.629012345679	0.921296296296	0.905555555556	0.657098765432	0.558024691358	0.732561728395	0.0
CA_ACC_DON_GRE	2.0	5	6.0	SrelScore08	0.718209876543	0.562654320988	0.79012345679	0.922839506173	0.654938271605	0.638580246914	0.922222222222	0.904320987654	0.667283950617	0.553703703704	0.733487654321	0.0
CA_ACC_DON_GRE	2.0	5	6.0	RMSD	0.566049382716	0.575308641975	0.44475308642	0.457098765432	0.529938271605	0.536728395062	0.571913580247	0.816358024691	0.425925925926	0.580864197531	0.55049382716	0.0
CA_ACC_DON_GRE	2.0	5	6.0	SrelScore05	0.701234567901	0.606172839506	0.772222222222	0.91975308642	0.61450617284	0.63950617284	0.920679012346	0.903086419753	0.700925925926	0.562962962963	0.734104938272	0.0
CA_ACC_DON_GRE	2.0	5	6.0	SOScore08	0.587345679012	0.518518518519	0.704938271605	0.785185185185	0.66450617284	0.587345679012	0.876234567901	0.923456790123	0.56975308642	0.443209876543	0.666049382716	0.0
CA_ACC_DON_GRE	2.0	5	6.0	aaScore08	0.416358024691	0.416666666667	0.55	0.521296296296	0.46975308642	0.455555555556	0.416666666667	0.179938271605	0.541358024691	0.423148148148	0.439074074074	0.0
CA_ACC_DON_GRE	2.0	5	6.0	SO	0.592901234568	0.495679012346	0.710802469136	0.785802469136	0.678086419753	0.584259259259	0.874382716049	0.927777777778	0.559259259259	0.44537037037	0.665432098765	0.0
CA_ACC_DON_GRE	2.0	5	6.0	GO	0.604938271605	0.679012345679	0.607407407407	0.652469135802	0.434259259259	0.561728395062	0.764197530864	0.666975308642	0.664197530864	0.407407407407	0.604259259259	0.0
CA_ACC_DON_GRE	2.0	5	6.0	SOScore05	0.590740740741	0.556172839506	0.688888888889	0.791975308642	0.679320987654	0.575	0.871296296296	0.924074074074	0.6	0.427777777778	0.670524691358	0.0
CA_ACC_DON_GRE	2.0	5	6.0	Tanimoto	0.720679012346	0.54475308642	0.796913580247	0.921604938272	0.670679012346	0.629012345679	0.921296296296	0.905555555556	0.657098765432	0.558024691358	0.732561728395	0.0
CA_GRE	2.5	5	6.0	aaScore05	0.513580246914	0.387962962963	0.512962962963	0.542283950617	0.461111111111	0.55	0.233333333333	0.19537037037	0.53024691358	0.49012345679	0.441697530864	0.0
CA_GRE	2.5	5	6.0	Srel	0.662037037037	0.591049382716	0.799382716049	0.804938271605	0.513271604938	0.661111111111	0.653395061728	0.917283950617	0.635185185185	0.526851851852	0.676450617284	0.0
CA_GRE	2.5	5	6.0	SrelScore08	0.65987654321	0.588271604938	0.801543209877	0.810185185185	0.514197530864	0.67962962963	0.687962962963	0.916666666667	0.645987654321	0.545679012346	0.685	0.0
CA_GRE	2.5	5	6.0	RMSD	0.476234567901	0.615432098765	0.433024691358	0.415740740741	0.549074074074	0.406790123457	0.709259259259	0.75987654321	0.34012345679	0.474074074074	0.517962962963	0.0
CA_GRE	2.5	5	6.0	SrelScore05	0.680555555556	0.572530864198	0.782716049383	0.8	0.567592592593	0.683333333333	0.724074074074	0.919135802469	0.700617283951	0.531481481481	0.696203703704	0.0
CA_GRE	2.5	5	6.0	SOScore08	0.697530864198	0.468518518519	0.680555555556	0.713888888889	0.598456790123	0.576543209877	0.633024691358	0.876543209877	0.492283950617	0.473456790123	0.621080246914	0.0
CA_GRE	2.5	5	6.0	aaScore08	0.520061728395	0.391358024691	0.554938271605	0.572839506173	0.45524691358	0.577160493827	0.27037037037	0.222839506173	0.63487654321	0.512345679012	0.471203703704	0.0
CA_GRE	2.5	5	6.0	SO	0.698148148148	0.467592592593	0.661419753086	0.696296296296	0.579012345679	0.585185185185	0.596604938272	0.871913580247	0.466975308642	0.469135802469	0.609228395062	0.0
CA_GRE	2.5	5	6.0	GO	0.581172839506	0.528086419753	0.634259259259	0.633024691358	0.572530864198	0.577469135802	0.747222222222	0.759259259259	0.700308641975	0.555864197531	0.628919753086	0.0
CA_GRE	2.5	5	6.0	SOScore05	0.700925925926	0.470987654321	0.675617283951	0.736111111111	0.614197530864	0.59475308642	0.691049382716	0.888580246914	0.547839506173	0.476851851852	0.639691358025	0.0
CA_GRE	2.5	5	6.0	Tanimoto	0.662037037037	0.591049382716	0.799382716049	0.804938271605	0.513271604938	0.661111111111	0.653395061728	0.917283950617	0.635185185185	0.526851851852	0.676450617284	0.0
ACC_DON	2.5	5	6.0	aaScore05	0.203086419753	0.493518518519	0.352160493827	0.473765432099	0.583024691358	0.341049382716	0.417901234568	0.233950617284	0.476543209877	0.391975308642	0.396697530864	0.0130303030303
ACC_DON	2.5	5	6.0	Srel	0.404320987654	0.61450617284	0.721296296296	0.933333333333	0.661111111111	0.426543209877	0.938888888889	0.818827160494	0.387037037037	0.488580246914	0.639444444444	0.0130303030303
ACC_DON	2.5	5	6.0	SrelScore08	0.415432098765	0.625308641975	0.725925925926	0.93950617284	0.648765432099	0.42962962963	0.942283950617	0.840432098765	0.387654320988	0.494444444444	0.644938271605	0.0130303030303
ACC_DON	2.5	5	6.0	RMSD	0.612654320988	0.467592592593	0.575925925926	0.463888888889	0.45462962963	0.709259259259	0.507098765432	0.650308641975	0.582716049383	0.634567901235	0.565864197531	0.0130303030303
ACC_DON	2.5	5	6.0	SrelScore05	0.430555555556	0.635185185185	0.735802469136	0.932098765432	0.631481481481	0.441049382716	0.938888888889	0.853703703704	0.416358024691	0.519135802469	0.653425925926	0.0130303030303
ACC_DON	2.5	5	6.0	SOScore08	0.261419753086	0.575925925926	0.618518518519	0.706790123457	0.601851851852	0.373456790123	0.818827160494	0.761419753086	0.437345679012	0.297530864198	0.545308641975	0.0130303030303
ACC_DON	2.5	5	6.0	aaScore08	0.198765432099	0.522530864198	0.4	0.503703703704	0.570061728395	0.331481481481	0.475308641975	0.285185185185	0.436419753086	0.379012345679	0.41024691358	0.0130303030303
ACC_DON	2.5	5	6.0	SO	0.26049382716	0.574691358025	0.61450617284	0.695987654321	0.607716049383	0.369135802469	0.817901234568	0.729012345679	0.449074074074	0.301851851852	0.542037037037	0.0130303030303
ACC_DON	2.5	5	6.0	GO	0.467901234568	0.537345679012	0.711419753086	0.657716049383	0.442901234568	0.492283950617	0.724074074074	0.758950617284	0.551851851852	0.53024691358	0.587469135802	0.0130303030303
ACC_DON	2.5	5	6.0	SOScore05	0.270987654321	0.596296296296	0.656172839506	0.706172839506	0.591358024691	0.377469135802	0.832716049383	0.81450617284	0.418827160494	0.331172839506	0.559567901235	0.0130303030303
ACC_DON	2.5	5	6.0	Tanimoto	0.404320987654	0.61450617284	0.721296296296	0.933333333333	0.661111111111	0.426543209877	0.938888888889	0.818827160494	0.387037037037	0.488580246914	0.639444444444	0.0130303030303
CA_ACC_DON	2.5	5	6.0	aaScore05	0.250308641975	0.432407407407	0.345679012346	0.462654320988	0.525925925926	0.332407407407	0.302160493827	0.214197530864	0.452777777778	0.496913580247	0.381543209877	0.00020202020202
CA_ACC_DON	2.5	5	6.0	Srel	0.552777777778	0.599382716049	0.836111111111	0.933333333333	0.667592592593	0.501851851852	0.938888888889	0.888888888889	0.567901234568	0.628395061728	0.711512345679	0.00020202020202
CA_ACC_DON	2.5	5	6.0	SrelScore08	0.557716049383	0.622530864198	0.835802469136	0.929012345679	0.675925925926	0.49537037037	0.946296296296	0.888888888889	0.572839506173	0.633641975309	0.715802469136	0.00020202020202
CA_ACC_DON	2.5	5	6.0	RMSD	0.751543209877	0.53950617284	0.625617283951	0.492283950617	0.486111111111	0.709259259259	0.624382716049	0.752160493827	0.521604938272	0.533641975309	0.603611111111	0.00020202020202
CA_ACC_DON	2.5	5	6.0	SrelScore05	0.545679012346	0.648148148148	0.824074074074	0.929938271605	0.649074074074	0.473765432099	0.947530864198	0.888888888889	0.548148148148	0.603086419753	0.705833333333	0.00020202020202
CA_ACC_DON	2.5	5	6.0	SOScore08	0.278086419753	0.508950617284	0.693827160494	0.725308641975	0.622530864198	0.443518518519	0.846913580247	0.886728395062	0.588888888889	0.387345679012	0.598209876543	0.00020202020202
CA_ACC_DON	2.5	5	6.0	aaScore08	0.248456790123	0.447222222222	0.364197530864	0.49012345679	0.51512345679	0.300925925926	0.348148148148	0.241975308642	0.454938271605	0.476234567901	0.388734567901	0.00020202020202
CA_ACC_DON	2.5	5	6.0	SO	0.266975308642	0.487654320988	0.684567901235	0.725	0.61975308642	0.437037037037	0.840740740741	0.886111111111	0.588888888889	0.397222222222	0.593395061728	0.00020202020202
CA_ACC_DON	2.5	5	6.0	GO	0.530864197531	0.699691358025	0.632407407407	0.648456790123	0.447222222222	0.441049382716	0.733641975309	0.751234567901	0.587962962963	0.491358024691	0.596388888889	0.00020202020202
CA_ACC_DON	2.5	5	6.0	SOScore05	0.315432098765	0.553086419753	0.686419753086	0.733333333333	0.622222222222	0.44475308642	0.843209876543	0.888888888889	0.576851851852	0.378086419753	0.604228395062	0.00020202020202
CA_ACC_DON	2.5	5	6.0	Tanimoto	0.552777777778	0.599382716049	0.836111111111	0.933333333333	0.667592592593	0.501851851852	0.938888888889	0.888888888889	0.567901234568	0.628395061728	0.711512345679	0.00020202020202
ACC_DON_GRE	2.5	5	6.0	aaScore05	0.351851851852	0.375925925926	0.412654320988	0.301543209877	0.446296296296	0.470061728395	0.214197530864	0.0777777777778	0.350617283951	0.462654320988	0.346358024691	0.0
ACC_DON_GRE	2.5	5	6.0	Srel	0.529320987654	0.731790123457	0.686111111111	0.938271604938	0.546604938272	0.563888888889	0.905864197531	0.887345679012	0.637654320988	0.422530864198	0.684938271605	0.0
ACC_DON_GRE	2.5	5	6.0	SrelScore08	0.543827160494	0.738888888889	0.694444444444	0.932716049383	0.562345679012	0.572530864198	0.912345679012	0.895679012346	0.654938271605	0.434259259259	0.694197530864	0.0
ACC_DON_GRE	2.5	5	6.0	RMSD	0.576234567901	0.556481481481	0.564197530864	0.712962962963	0.513271604938	0.527160493827	0.731172839506	0.891049382716	0.542283950617	0.531172839506	0.614598765432	0.0
ACC_DON_GRE	2.5	5	6.0	SrelScore05	0.580555555556	0.720061728395	0.697222222222	0.918827160494	0.572222222222	0.598148148148	0.928395061728	0.9	0.687654320988	0.454938271605	0.705802469136	0.0
ACC_DON_GRE	2.5	5	6.0	SOScore08	0.522530864198	0.746604938272	0.593827160494	0.708024691358	0.564197530864	0.471604938272	0.871913580247	0.861419753086	0.561111111111	0.324691358025	0.622592592593	0.0
ACC_DON_GRE	2.5	5	6.0	aaScore08	0.395679012346	0.414197530864	0.424074074074	0.283333333333	0.476543209877	0.471913580247	0.254320987654	0.105555555556	0.406172839506	0.466358024691	0.369814814815	0.0
ACC_DON_GRE	2.5	5	6.0	SO	0.500617283951	0.729938271605	0.587962962963	0.704938271605	0.565432098765	0.466975308642	0.863271604938	0.85	0.53487654321	0.322530864198	0.612654320988	0.0
ACC_DON_GRE	2.5	5	6.0	GO	0.629938271605	0.61450617284	0.621296296296	0.636728395062	0.577469135802	0.583024691358	0.768209876543	0.836111111111	0.682407407407	0.472530864198	0.642222222222	0.0
ACC_DON_GRE	2.5	5	6.0	SOScore05	0.537345679012	0.772530864198	0.62037037037	0.717283950617	0.574382716049	0.498148148148	0.882098765432	0.890432098765	0.604938271605	0.343518518519	0.644104938272	0.0
ACC_DON_GRE	2.5	5	6.0	Tanimoto	0.529320987654	0.731790123457	0.686111111111	0.938271604938	0.546604938272	0.563888888889	0.905864197531	0.887345679012	0.637654320988	0.422530864198	0.684938271605	0.0
CA_ACC_DON_GRE	2.5	5	6.0	aaScore05	0.381481481481	0.375308641975	0.345061728395	0.39012345679	0.491049382716	0.479938271605	0.220679012346	0.0966049382716	0.438888888889	0.468518518519	0.368765432099	0.0
CA_ACC_DON_GRE	2.5	5	6.0	Srel	0.678086419753	0.575308641975	0.795679012346	0.945987654321	0.661419753086	0.683641975309	0.930864197531	0.903086419753	0.666666666667	0.519135802469	0.735987654321	0.0
CA_ACC_DON_GRE	2.5	5	6.0	SrelScore08	0.703395061728	0.587654320988	0.797222222222	0.946296296296	0.660802469136	0.687037037037	0.92962962963	0.905555555556	0.677160493827	0.517283950617	0.741203703704	0.0
CA_ACC_DON_GRE	2.5	5	6.0	RMSD	0.555864197531	0.524382716049	0.623456790123	0.572839506173	0.513271604938	0.492901234568	0.725925925926	0.903395061728	0.431481481481	0.568209876543	0.591172839506	0.0
CA_ACC_DON_GRE	2.5	5	6.0	SrelScore05	0.719444444444	0.615740740741	0.777777777778	0.947530864198	0.651234567901	0.678395061728	0.930864197531	0.913580246914	0.723456790123	0.518827160494	0.747685185185	0.0
CA_ACC_DON_GRE	2.5	5	6.0	SOScore08	0.566049382716	0.490432098765	0.691666666667	0.794135802469	0.685185185185	0.574074074074	0.883333333333	0.927777777778	0.622530864198	0.381172839506	0.661635802469	0.0
CA_ACC_DON_GRE	2.5	5	6.0	aaScore08	0.441666666667	0.43950617284	0.366049382716	0.41975308642	0.49475308642	0.501851851852	0.247222222222	0.0913580246914	0.532098765432	0.425308641975	0.395956790123	0.0
CA_ACC_DON_GRE	2.5	5	6.0	SO	0.568209876543	0.478703703704	0.69537037037	0.795987654321	0.691975308642	0.569135802469	0.886419753086	0.925925925926	0.60987654321	0.379938271605	0.660154320988	0.0
CA_ACC_DON_GRE	2.5	5	6.0	GO	0.629320987654	0.666358024691	0.578086419753	0.644444444444	0.46975308642	0.524691358025	0.777469135802	0.710802469136	0.647530864198	0.496296296296	0.614475308642	0.0
CA_ACC_DON_GRE	2.5	5	6.0	SOScore05	0.579012345679	0.529938271605	0.68487654321	0.801543209877	0.671604938272	0.584567901235	0.871604938272	0.925925925926	0.639814814815	0.399074074074	0.668796296296	0.0
CA_ACC_DON_GRE	2.5	5	6.0	Tanimoto	0.678086419753	0.575308641975	0.795679012346	0.945987654321	0.661419753086	0.683641975309	0.930864197531	0.903086419753	0.666666666667	0.519135802469	0.735987654321	0.0
CA_GRE	3.0	5	6.0	aaScore05	0.447222222222	0.353703703704	0.428395061728	0.414197530864	0.452469135802	0.555555555556	0.25987654321	0.18024691358	0.50462962963	0.445679012346	0.404197530864	0.0
CA_GRE	3.0	5	6.0	Srel	0.625	0.556790123457	0.786419753086	0.80462962963	0.580864197531	0.676234567901	0.714197530864	0.921296296296	0.66450617284	0.511728395062	0.684166666667	0.0
CA_GRE	3.0	5	6.0	SrelScore08	0.633641975309	0.56049382716	0.795061728395	0.810802469136	0.569444444444	0.692283950617	0.721604938272	0.919135802469	0.678395061728	0.512345679012	0.689320987654	0.0
CA_GRE	3.0	5	6.0	RMSD	0.520061728395	0.637962962963	0.543827160494	0.51512345679	0.540740740741	0.453086419753	0.624382716049	0.822530864198	0.392592592593	0.528086419753	0.557839506173	0.0
CA_GRE	3.0	5	6.0	SrelScore05	0.654938271605	0.545061728395	0.781790123457	0.798765432099	0.529320987654	0.695679012346	0.741358024691	0.921913580247	0.697530864198	0.539814814815	0.690617283951	0.0
CA_GRE	3.0	5	6.0	SOScore08	0.681790123457	0.449691358025	0.653086419753	0.674691358025	0.663888888889	0.625617283951	0.627777777778	0.871604938272	0.527777777778	0.45987654321	0.623580246914	0.0
CA_GRE	3.0	5	6.0	aaScore08	0.473765432099	0.35987654321	0.445061728395	0.448148148148	0.449382716049	0.551851851852	0.332716049383	0.180864197531	0.576543209877	0.453703703704	0.427191358025	0.0
CA_GRE	3.0	5	6.0	SO	0.662345679012	0.447222222222	0.653086419753	0.673148148148	0.661728395062	0.621296296296	0.591358024691	0.867283950617	0.496604938272	0.444135802469	0.611820987654	0.0
CA_GRE	3.0	5	6.0	GO	0.602160493827	0.483950617284	0.61049382716	0.666049382716	0.52962962963	0.519135802469	0.804012345679	0.781481481481	0.657098765432	0.526543209877	0.618055555556	0.0
CA_GRE	3.0	5	6.0	SOScore05	0.692901234568	0.439197530864	0.65	0.67962962963	0.658333333333	0.604320987654	0.699382716049	0.884259259259	0.591975308642	0.482716049383	0.638271604938	0.0
CA_GRE	3.0	5	6.0	Tanimoto	0.625	0.556790123457	0.786419753086	0.80462962963	0.580864197531	0.676234567901	0.714197530864	0.921296296296	0.66450617284	0.511728395062	0.684166666667	0.0
ACC_DON	3.0	5	6.0	aaScore05	0.206481481481	0.507716049383	0.388580246914	0.420679012346	0.548456790123	0.384567901235	0.361728395062	0.239197530864	0.411419753086	0.412345679012	0.388117283951	0.0130303030303
ACC_DON	3.0	5	6.0	Srel	0.33487654321	0.626851851852	0.757716049383	0.934259259259	0.681481481481	0.439814814815	0.931790123457	0.827160493827	0.366049382716	0.470061728395	0.63700617284	0.0130303030303
ACC_DON	3.0	5	6.0	SrelScore08	0.341975308642	0.643209876543	0.76049382716	0.940740740741	0.676543209877	0.433333333333	0.931172839506	0.832716049383	0.367901234568	0.468827160494	0.639691358025	0.0130303030303
ACC_DON	3.0	5	6.0	RMSD	0.525617283951	0.457716049383	0.553086419753	0.517283950617	0.442283950617	0.632716049383	0.590432098765	0.723148148148	0.600308641975	0.621604938272	0.566419753086	0.0130303030303
ACC_DON	3.0	5	6.0	SrelScore05	0.389197530864	0.668827160494	0.779012345679	0.938271604938	0.672222222222	0.441666666667	0.91450617284	0.835185185185	0.386111111111	0.477777777778	0.650277777778	0.0130303030303
ACC_DON	3.0	5	6.0	SOScore08	0.242901234568	0.58950617284	0.643209876543	0.679938271605	0.625617283951	0.356481481481	0.829012345679	0.730864197531	0.439197530864	0.279012345679	0.541574074074	0.0130303030303
ACC_DON	3.0	5	6.0	aaScore08	0.197839506173	0.548456790123	0.424382716049	0.47037037037	0.558950617284	0.393827160494	0.401234567901	0.268209876543	0.41049382716	0.388580246914	0.406234567901	0.0130303030303
ACC_DON	3.0	5	6.0	SO	0.250308641975	0.587654320988	0.63549382716	0.669444444444	0.618518518519	0.366358024691	0.820061728395	0.701851851852	0.445679012346	0.269135802469	0.536450617284	0.0130303030303
ACC_DON	3.0	5	6.0	GO	0.471913580247	0.560802469136	0.681790123457	0.690432098765	0.551851851852	0.522222222222	0.685802469136	0.775925925926	0.586111111111	0.470987654321	0.599783950617	0.0130303030303
ACC_DON	3.0	5	6.0	SOScore05	0.233641975309	0.615740740741	0.668827160494	0.705555555556	0.618209876543	0.355864197531	0.835802469136	0.775925925926	0.442283950617	0.301234567901	0.555308641975	0.0130303030303
ACC_DON	3.0	5	6.0	Tanimoto	0.33487654321	0.626851851852	0.757716049383	0.934259259259	0.681481481481	0.439814814815	0.931790123457	0.827160493827	0.366049382716	0.470061728395	0.63700617284	0.0130303030303
CA_ACC_DON	3.0	5	6.0	aaScore05	0.253086419753	0.441358024691	0.279012345679	0.368518518519	0.525	0.333950617284	0.275308641975	0.130555555556	0.393209876543	0.417592592593	0.341759259259	0.00020202020202
CA_ACC_DON	3.0	5	6.0	Srel	0.509259259259	0.646296296296	0.817592592593	0.949382716049	0.658333333333	0.427469135802	0.950925925926	0.888888888889	0.503703703704	0.591049382716	0.694290123457	0.00020202020202
CA_ACC_DON	3.0	5	6.0	SrelScore08	0.510802469136	0.655864197531	0.823148148148	0.950617283951	0.68549382716	0.445061728395	0.952777777778	0.888888888889	0.528086419753	0.570679012346	0.701141975309	0.00020202020202
CA_ACC_DON	3.0	5	6.0	RMSD	0.75524691358	0.495061728395	0.653395061728	0.581790123457	0.441358024691	0.686419753086	0.705864197531	0.841666666667	0.596604938272	0.589197530864	0.634660493827	0.00020202020202
CA_ACC_DON	3.0	5	6.0	SrelScore05	0.501543209877	0.642283950617	0.825	0.942592592593	0.694444444444	0.447222222222	0.952469135802	0.888888888889	0.524382716049	0.543518518519	0.696234567901	0.00020202020202
CA_ACC_DON	3.0	5	6.0	SOScore08	0.302160493827	0.524691358025	0.66450617284	0.746913580247	0.634259259259	0.36049382716	0.858950617284	0.878703703704	0.561419753086	0.391049382716	0.592314814815	0.00020202020202
CA_ACC_DON	3.0	5	6.0	aaScore08	0.249382716049	0.485802469136	0.33024691358	0.408024691358	0.539197530864	0.318518518519	0.292901234568	0.145679012346	0.412654320988	0.407098765432	0.358950617284	0.00020202020202
CA_ACC_DON	3.0	5	6.0	SO	0.292592592593	0.515432098765	0.656481481481	0.743827160494	0.620987654321	0.357407407407	0.853086419753	0.874382716049	0.54012345679	0.387962962963	0.584228395062	0.00020202020202
CA_ACC_DON	3.0	5	6.0	GO	0.46450617284	0.694135802469	0.625	0.672839506173	0.539814814815	0.557716049383	0.762345679012	0.758333333333	0.626543209877	0.503395061728	0.620462962963	0.00020202020202
CA_ACC_DON	3.0	5	6.0	SOScore05	0.330555555556	0.568209876543	0.68024691358	0.755555555556	0.645679012346	0.362037037037	0.861111111111	0.880555555556	0.565432098765	0.403395061728	0.605277777778	0.00020202020202
CA_ACC_DON	3.0	5	6.0	Tanimoto	0.509259259259	0.646296296296	0.817592592593	0.949382716049	0.658333333333	0.427469135802	0.950925925926	0.888888888889	0.503703703704	0.591049382716	0.694290123457	0.00020202020202
ACC_DON_GRE	3.0	5	6.0	aaScore05	0.387037037037	0.407407407407	0.337654320988	0.250308641975	0.475308641975	0.482716049383	0.203703703704	0.101234567901	0.386419753086	0.518827160494	0.355061728395	0.0
ACC_DON_GRE	3.0	5	6.0	Srel	0.50524691358	0.692283950617	0.713888888889	0.945987654321	0.561419753086	0.574691358025	0.891358024691	0.88549382716	0.623148148148	0.459259259259	0.685277777778	0.0
ACC_DON_GRE	3.0	5	6.0	SrelScore08	0.532098765432	0.686728395062	0.716975308642	0.948765432099	0.552469135802	0.573765432099	0.896604938272	0.891666666667	0.637345679012	0.454012345679	0.689043209877	0.0
ACC_DON_GRE	3.0	5	6.0	RMSD	0.515432098765	0.559567901235	0.643209876543	0.754012345679	0.504320987654	0.466666666667	0.749382716049	0.867283950617	0.522839506173	0.472839506173	0.605555555556	0.0
ACC_DON_GRE	3.0	5	6.0	SrelScore05	0.555864197531	0.683641975309	0.730864197531	0.94012345679	0.541666666667	0.582098765432	0.902777777778	0.896296296296	0.672839506173	0.494135802469	0.700030864198	0.0
ACC_DON_GRE	3.0	5	6.0	SOScore08	0.512037037037	0.688271604938	0.527469135802	0.654012345679	0.576851851852	0.463580246914	0.844444444444	0.850617283951	0.554012345679	0.333641975309	0.60049382716	0.0
ACC_DON_GRE	3.0	5	6.0	aaScore08	0.438580246914	0.433333333333	0.352469135802	0.244444444444	0.480555555556	0.508641975309	0.235185185185	0.115432098765	0.460185185185	0.515432098765	0.378425925926	0.0
ACC_DON_GRE	3.0	5	6.0	SO	0.50524691358	0.672530864198	0.52962962963	0.642901234568	0.583333333333	0.466975308642	0.841049382716	0.840740740741	0.527777777778	0.328395061728	0.593858024691	0.0
ACC_DON_GRE	3.0	5	6.0	GO	0.64537037037	0.552160493827	0.637037037037	0.681790123457	0.550925925926	0.554012345679	0.730555555556	0.818827160494	0.697839506173	0.466358024691	0.633487654321	0.0
ACC_DON_GRE	3.0	5	6.0	SOScore05	0.528086419753	0.719135802469	0.557098765432	0.693518518519	0.577469135802	0.463580246914	0.855864197531	0.887037037037	0.595679012346	0.345061728395	0.62225308642	0.0
ACC_DON_GRE	3.0	5	6.0	Tanimoto	0.50524691358	0.692283950617	0.713888888889	0.945987654321	0.561419753086	0.574691358025	0.891358024691	0.88549382716	0.623148148148	0.459259259259	0.685277777778	0.0
CA_ACC_DON_GRE	3.0	5	6.0	aaScore05	0.41512345679	0.37037037037	0.35	0.32962962963	0.472530864198	0.483333333333	0.222839506173	0.104938271605	0.451234567901	0.480555555556	0.368055555556	0.0
CA_ACC_DON_GRE	3.0	5	6.0	Srel	0.666975308642	0.604012345679	0.831481481481	0.951851851852	0.675308641975	0.668827160494	0.944444444444	0.9	0.681172839506	0.475617283951	0.739969135802	0.0
CA_ACC_DON_GRE	3.0	5	6.0	SrelScore08	0.68024691358	0.606481481481	0.821604938272	0.954938271605	0.673456790123	0.671296296296	0.949382716049	0.901234567901	0.697530864198	0.475925925926	0.743209876543	0.0
CA_ACC_DON_GRE	3.0	5	6.0	RMSD	0.538271604938	0.570061728395	0.629012345679	0.645679012346	0.553395061728	0.504012345679	0.773765432099	0.887037037037	0.477777777778	0.523765432099	0.610277777778	0.0
CA_ACC_DON_GRE	3.0	5	6.0	SrelScore05	0.692592592593	0.632407407407	0.803703703704	0.949382716049	0.664197530864	0.648456790123	0.95	0.91975308642	0.731481481481	0.486419753086	0.747839506173	0.0
CA_ACC_DON_GRE	3.0	5	6.0	SOScore08	0.55987654321	0.548765432099	0.688888888889	0.798148148148	0.674382716049	0.578086419753	0.891666666667	0.909259259259	0.580864197531	0.369444444444	0.659938271605	0.0
CA_ACC_DON_GRE	3.0	5	6.0	aaScore08	0.429012345679	0.412654320988	0.362962962963	0.343209876543	0.452777777778	0.483333333333	0.216049382716	0.10987654321	0.506172839506	0.481481481481	0.37975308642	0.0
CA_ACC_DON_GRE	3.0	5	6.0	SO	0.547839506173	0.538580246914	0.694135802469	0.794444444444	0.675308641975	0.584259259259	0.893827160494	0.906790123457	0.570987654321	0.367901234568	0.657407407407	0.0
CA_ACC_DON_GRE	3.0	5	6.0	GO	0.606790123457	0.653086419753	0.606172839506	0.632407407407	0.523456790123	0.512962962963	0.714197530864	0.745987654321	0.737962962963	0.483641975309	0.621666666667	0.0
CA_ACC_DON_GRE	3.0	5	6.0	SOScore05	0.584259259259	0.592592592593	0.682716049383	0.79012345679	0.659567901235	0.563888888889	0.880555555556	0.925925925926	0.606790123457	0.380864197531	0.666728395062	0.0
CA_ACC_DON_GRE	3.0	5	6.0	Tanimoto	0.666975308642	0.604012345679	0.831481481481	0.951851851852	0.675308641975	0.668827160494	0.944444444444	0.9	0.681172839506	0.475617283951	0.739969135802	0.0
CA_GRE	3.5	5	6.0	aaScore05	0.382098765432	0.354320987654	0.432098765432	0.349382716049	0.451543209877	0.50987654321	0.218518518519	0.131481481481	0.516358024691	0.437654320988	0.378333333333	0.0
CA_GRE	3.5	5	6.0	Srel	0.632098765432	0.548456790123	0.753086419753	0.804012345679	0.594444444444	0.710802469136	0.710802469136	0.927160493827	0.678395061728	0.493518518519	0.685277777778	0.0
CA_GRE	3.5	5	6.0	SrelScore08	0.642901234568	0.553703703704	0.760185185185	0.794135802469	0.592592592593	0.713888888889	0.724074074074	0.935185185185	0.679938271605	0.500925925926	0.68975308642	0.0
CA_GRE	3.5	5	6.0	RMSD	0.561419753086	0.643518518519	0.537345679012	0.596296296296	0.561419753086	0.412654320988	0.696296296296	0.842901234568	0.386111111111	0.562037037037	0.58	0.0
CA_GRE	3.5	5	6.0	SrelScore05	0.672530864198	0.512962962963	0.748765432099	0.776543209877	0.571296296296	0.691666666667	0.755864197531	0.948148148148	0.706172839506	0.529320987654	0.691327160494	0.0
CA_GRE	3.5	5	6.0	SOScore08	0.693518518519	0.482098765432	0.631172839506	0.664814814815	0.663271604938	0.616049382716	0.631790123457	0.864197530864	0.559567901235	0.449074074074	0.625555555556	0.0
CA_GRE	3.5	5	6.0	aaScore08	0.425617283951	0.350617283951	0.447530864198	0.397530864198	0.435802469136	0.55987654321	0.266666666667	0.142592592593	0.579938271605	0.446604938272	0.405277777778	0.0
CA_GRE	3.5	5	6.0	SO	0.692592592593	0.495061728395	0.616049382716	0.657098765432	0.658333333333	0.610185185185	0.611728395062	0.843827160494	0.539814814815	0.428395061728	0.615308641975	0.0
CA_GRE	3.5	5	6.0	GO	0.643827160494	0.584567901235	0.587962962963	0.609259259259	0.527469135802	0.551851851852	0.822839506173	0.807407407407	0.672839506173	0.539814814815	0.634783950617	0.0
CA_GRE	3.5	5	6.0	SOScore05	0.714814814815	0.464814814815	0.637962962963	0.69012345679	0.68024691358	0.612962962963	0.67962962963	0.889814814815	0.61049382716	0.478086419753	0.645895061728	0.0
CA_GRE	3.5	5	6.0	Tanimoto	0.632098765432	0.548456790123	0.753086419753	0.804012345679	0.594444444444	0.710802469136	0.710802469136	0.927160493827	0.678395061728	0.493518518519	0.685277777778	0.0
ACC_DON	3.5	5	6.0	aaScore05	0.20987654321	0.458024691358	0.40987654321	0.350308641975	0.493518518519	0.435802469136	0.332407407407	0.205555555556	0.378395061728	0.462654320988	0.373641975309	0.0130303030303
ACC_DON	3.5	5	6.0	Srel	0.313580246914	0.641358024691	0.736111111111	0.934259259259	0.651543209877	0.457716049383	0.938580246914	0.836111111111	0.39012345679	0.481481481481	0.638086419753	0.0130303030303
ACC_DON	3.5	5	6.0	SrelScore08	0.311728395062	0.643209876543	0.740432098765	0.932098765432	0.653086419753	0.444135802469	0.928395061728	0.84475308642	0.38024691358	0.483333333333	0.636141975309	0.0130303030303
ACC_DON	3.5	5	6.0	RMSD	0.55	0.465740740741	0.535185185185	0.575925925926	0.488271604938	0.608950617284	0.613888888889	0.683950617284	0.594444444444	0.558641975309	0.5675	0.0130303030303
ACC_DON	3.5	5	6.0	SrelScore05	0.339814814815	0.679320987654	0.752469135802	0.931172839506	0.651543209877	0.42037037037	0.917283950617	0.848148148148	0.381481481481	0.468209876543	0.638981481481	0.0130303030303
ACC_DON	3.5	5	6.0	SOScore08	0.229320987654	0.597839506173	0.617901234568	0.628395061728	0.609259259259	0.395987654321	0.797530864198	0.685802469136	0.41450617284	0.267901234568	0.524444444444	0.0130303030303
ACC_DON	3.5	5	6.0	aaScore08	0.198456790123	0.500925925926	0.437037037037	0.391975308642	0.521604938272	0.429320987654	0.358641975309	0.236728395062	0.408024691358	0.455555555556	0.393827160494	0.0130303030303
ACC_DON	3.5	5	6.0	SO	0.219135802469	0.590740740741	0.61512345679	0.592283950617	0.612037037037	0.399074074074	0.782716049383	0.651234567901	0.416049382716	0.266049382716	0.514444444444	0.0130303030303
ACC_DON	3.5	5	6.0	GO	0.494444444444	0.57037037037	0.650617283951	0.674074074074	0.54475308642	0.512654320988	0.677160493827	0.813888888889	0.599382716049	0.487345679012	0.602469135802	0.0130303030303
ACC_DON	3.5	5	6.0	SOScore05	0.236111111111	0.617592592593	0.644135802469	0.662345679012	0.61049382716	0.395987654321	0.801543209877	0.747530864198	0.442901234568	0.283950617284	0.544259259259	0.0130303030303
ACC_DON	3.5	5	6.0	Tanimoto	0.313580246914	0.641358024691	0.736111111111	0.934259259259	0.651543209877	0.457716049383	0.938580246914	0.836111111111	0.39012345679	0.481481481481	0.638086419753	0.0130303030303
CA_ACC_DON	3.5	5	6.0	aaScore05	0.249074074074	0.433333333333	0.32962962963	0.306790123457	0.525	0.392283950617	0.276543209877	0.11049382716	0.408024691358	0.446604938272	0.347777777778	0.00020202020202
CA_ACC_DON	3.5	5	6.0	Srel	0.453086419753	0.622530864198	0.792592592593	0.96512345679	0.681172839506	0.435185185185	0.962345679012	0.88950617284	0.510802469136	0.575	0.688734567901	0.00020202020202
CA_ACC_DON	3.5	5	6.0	SrelScore08	0.450617283951	0.616049382716	0.790740740741	0.966666666667	0.683024691358	0.440432098765	0.961728395062	0.88950617284	0.525925925926	0.574074074074	0.68987654321	0.00020202020202
CA_ACC_DON	3.5	5	6.0	RMSD	0.755555555556	0.490740740741	0.642901234568	0.631481481481	0.454320987654	0.613271604938	0.724691358025	0.874382716049	0.580555555556	0.55524691358	0.632314814815	0.00020202020202
CA_ACC_DON	3.5	5	6.0	SrelScore05	0.450925925926	0.617901234568	0.791049382716	0.962962962963	0.662962962963	0.459567901235	0.952469135802	0.88950617284	0.528395061728	0.554320987654	0.68700617284	0.00020202020202
CA_ACC_DON	3.5	5	6.0	SOScore08	0.267592592593	0.503086419753	0.654938271605	0.741975308642	0.630555555556	0.375308641975	0.851851851852	0.846913580247	0.554012345679	0.342592592593	0.576882716049	0.00020202020202
CA_ACC_DON	3.5	5	6.0	aaScore08	0.238888888889	0.483950617284	0.346913580247	0.346913580247	0.540740740741	0.390740740741	0.282098765432	0.118518518519	0.413580246914	0.44012345679	0.36024691358	0.00020202020202
CA_ACC_DON	3.5	5	6.0	SO	0.26049382716	0.494444444444	0.645061728395	0.733641975309	0.626851851852	0.372839506173	0.853395061728	0.839197530864	0.53549382716	0.338888888889	0.570030864198	0.00020202020202
CA_ACC_DON	3.5	5	6.0	GO	0.483641975309	0.700617283951	0.600925925926	0.699382716049	0.498148148148	0.531172839506	0.706172839506	0.780864197531	0.563580246914	0.518518518519	0.608302469136	0.00020202020202
CA_ACC_DON	3.5	5	6.0	SOScore05	0.297839506173	0.533333333333	0.653395061728	0.767283950617	0.643518518519	0.392901234568	0.847222222222	0.860185185185	0.578086419753	0.354012345679	0.592777777778	0.00020202020202
CA_ACC_DON	3.5	5	6.0	Tanimoto	0.453086419753	0.622530864198	0.792592592593	0.96512345679	0.681172839506	0.435185185185	0.962345679012	0.88950617284	0.510802469136	0.575	0.688734567901	0.00020202020202
ACC_DON_GRE	3.5	5	6.0	aaScore05	0.388888888889	0.303703703704	0.446913580247	0.180555555556	0.495061728395	0.393209876543	0.212037037037	0.119444444444	0.346296296296	0.596913580247	0.348302469136	0.0
ACC_DON_GRE	3.5	5	6.0	Srel	0.557098765432	0.63024691358	0.729320987654	0.941975308642	0.512345679012	0.558024691358	0.879012345679	0.875	0.61975308642	0.494135802469	0.679691358025	0.0
ACC_DON_GRE	3.5	5	6.0	SrelScore08	0.577777777778	0.641049382716	0.726234567901	0.942901234568	0.510185185185	0.575	0.887654320988	0.87962962963	0.62962962963	0.481481481481	0.685154320988	0.0
ACC_DON_GRE	3.5	5	6.0	RMSD	0.476851851852	0.643518518519	0.569135802469	0.818518518519	0.491049382716	0.535185185185	0.79475308642	0.861728395062	0.538271604938	0.459259259259	0.618827160494	0.0
ACC_DON_GRE	3.5	5	6.0	SrelScore05	0.628703703704	0.67962962963	0.716358024691	0.94012345679	0.506481481481	0.620987654321	0.89537037037	0.888271604938	0.645679012346	0.462345679012	0.698395061728	0.0
ACC_DON_GRE	3.5	5	6.0	SOScore08	0.516975308642	0.65524691358	0.483641975309	0.585802469136	0.554938271605	0.472530864198	0.793827160494	0.830555555556	0.528395061728	0.35	0.577191358025	0.0
ACC_DON_GRE	3.5	5	6.0	aaScore08	0.466666666667	0.341358024691	0.427777777778	0.175	0.51049382716	0.442592592593	0.212962962963	0.111728395062	0.427777777778	0.561728395062	0.367808641975	0.0
ACC_DON_GRE	3.5	5	6.0	SO	0.506481481481	0.636419753086	0.471296296296	0.557716049383	0.542901234568	0.466049382716	0.781790123457	0.801543209877	0.507407407407	0.352160493827	0.56237654321	0.0
ACC_DON_GRE	3.5	5	6.0	GO	0.650617283951	0.617592592593	0.564197530864	0.710802469136	0.54475308642	0.59012345679	0.728086419753	0.80524691358	0.699382716049	0.435802469136	0.634660493827	0.0
ACC_DON_GRE	3.5	5	6.0	SOScore05	0.543827160494	0.701543209877	0.517592592593	0.647530864198	0.561728395062	0.487345679012	0.816666666667	0.862654320988	0.573456790123	0.320987654321	0.603333333333	0.0
ACC_DON_GRE	3.5	5	6.0	Tanimoto	0.557098765432	0.63024691358	0.729320987654	0.941975308642	0.512345679012	0.558024691358	0.879012345679	0.875	0.61975308642	0.494135802469	0.679691358025	0.0
CA_ACC_DON_GRE	3.5	5	6.0	aaScore05	0.386419753086	0.380864197531	0.324691358025	0.264197530864	0.53950617284	0.393518518519	0.210802469136	0.127777777778	0.45524691358	0.484259259259	0.356728395062	0.0
CA_ACC_DON_GRE	3.5	5	6.0	Srel	0.691049382716	0.616975308642	0.813271604938	0.961728395062	0.670061728395	0.657716049383	0.954938271605	0.898765432099	0.688580246914	0.484259259259	0.743734567901	0.0
CA_ACC_DON_GRE	3.5	5	6.0	SrelScore08	0.704938271605	0.635802469136	0.806790123457	0.96049382716	0.667901234568	0.666358024691	0.95	0.898148148148	0.704938271605	0.489197530864	0.748456790123	0.0
CA_ACC_DON_GRE	3.5	5	6.0	RMSD	0.527469135802	0.575	0.702160493827	0.738271604938	0.473148148148	0.554320987654	0.802777777778	0.902777777778	0.421604938272	0.549074074074	0.624660493827	0.0
CA_ACC_DON_GRE	3.5	5	6.0	SrelScore05	0.711111111111	0.663580246914	0.78950617284	0.956172839506	0.626851851852	0.666975308642	0.944444444444	0.901851851852	0.758641975309	0.495061728395	0.751419753086	0.0
CA_ACC_DON_GRE	3.5	5	6.0	SOScore08	0.562654320988	0.566049382716	0.653703703704	0.768518518519	0.676543209877	0.560802469136	0.885802469136	0.91450617284	0.605864197531	0.376543209877	0.657098765432	0.0
CA_ACC_DON_GRE	3.5	5	6.0	aaScore08	0.442901234568	0.406172839506	0.303086419753	0.261728395062	0.529012345679	0.423456790123	0.197530864198	0.109259259259	0.540740740741	0.467901234568	0.368179012346	0.0
CA_ACC_DON_GRE	3.5	5	6.0	SO	0.562345679012	0.555555555556	0.657716049383	0.764814814815	0.683950617284	0.554320987654	0.891049382716	0.919444444444	0.595987654321	0.375308641975	0.656049382716	0.0
CA_ACC_DON_GRE	3.5	5	6.0	GO	0.616975308642	0.663580246914	0.579938271605	0.677777777778	0.457716049383	0.588580246914	0.667283950617	0.717283950617	0.69475308642	0.454012345679	0.611790123457	0.0
CA_ACC_DON_GRE	3.5	5	6.0	SOScore05	0.604938271605	0.581481481481	0.654320987654	0.763580246914	0.646604938272	0.558024691358	0.87037037037	0.908333333333	0.622222222222	0.376851851852	0.658672839506	0.0
CA_ACC_DON_GRE	3.5	5	6.0	Tanimoto	0.691049382716	0.616975308642	0.813271604938	0.961728395062	0.670061728395	0.657716049383	0.954938271605	0.898765432099	0.688580246914	0.484259259259	0.743734567901	0.0
