Atomtypes	Cuttoff	Ncliques	Distance	Median(Score)	LDA	SUC	SAM	LLP	U5P	1PE	PMP	GSH	PLM	BOG	Mean	Percent
CA_ACC_DON_GRE	1.5	5	6.0	aaScore05	0.464197530864	0.409567901235	0.533950617284	0.585185185185	0.483333333333	0.525925925926	0.50987654321	0.374074074074	0.583024691358	0.467283950617	0.493641975309	0.0
CA_ACC_DON_GRE	1.5	5	6.0	Srel	0.7	0.578395061728	0.741666666667	0.892592592593	0.696913580247	0.712037037037	0.901851851852	0.927777777778	0.655864197531	0.624074074074	0.743117283951	0.0
CA_ACC_DON_GRE	1.5	5	6.0	SrelScore08	0.706172839506	0.604012345679	0.74012345679	0.888888888889	0.68024691358	0.695679012346	0.899382716049	0.928395061728	0.66512345679	0.621296296296	0.742932098765	0.0
CA_ACC_DON_GRE	1.5	5	6.0	RMSD	0.49537037037	0.535802469136	0.428395061728	0.334259259259	0.521913580247	0.460185185185	0.428703703704	0.588888888889	0.400617283951	0.543518518519	0.473765432099	0.0
CA_ACC_DON_GRE	1.5	5	6.0	SrelScore05	0.71450617284	0.631790123457	0.744444444444	0.875308641975	0.625925925926	0.674382716049	0.89012345679	0.942592592593	0.686728395062	0.610185185185	0.739598765432	0.0
CA_ACC_DON_GRE	1.5	5	6.0	SOScore08	0.642592592593	0.56512345679	0.670061728395	0.746296296296	0.695679012346	0.645987654321	0.844135802469	0.955555555556	0.557098765432	0.506790123457	0.682932098765	0.0
CA_ACC_DON_GRE	1.5	5	6.0	aaScore08	0.50524691358	0.447839506173	0.554938271605	0.638888888889	0.486419753086	0.541975308642	0.549382716049	0.402469135802	0.598148148148	0.461111111111	0.518641975309	0.0
CA_ACC_DON_GRE	1.5	5	6.0	SO	0.632098765432	0.551234567901	0.666049382716	0.733641975309	0.709259259259	0.648456790123	0.842283950617	0.954320987654	0.548765432099	0.504012345679	0.679012345679	0.0
CA_ACC_DON_GRE	1.5	5	6.0	GO	0.575308641975	0.598456790123	0.643518518519	0.674074074074	0.375925925926	0.493518518519	0.707407407407	0.643518518519	0.625	0.501543209877	0.583827160494	0.0
CA_ACC_DON_GRE	1.5	5	6.0	SOScore05	0.629320987654	0.553395061728	0.680555555556	0.761111111111	0.665740740741	0.640432098765	0.853703703704	0.953703703704	0.573456790123	0.486419753086	0.679783950617	0.0
CA_ACC_DON_GRE	1.5	5	6.0	Tanimoto	0.7	0.578395061728	0.741666666667	0.892592592593	0.696913580247	0.712037037037	0.901851851852	0.927777777778	0.655864197531	0.624074074074	0.743117283951	0.0
CA_ACC_DON_GRE	2.0	5	6.0	aaScore05	0.387962962963	0.396604938272	0.529012345679	0.454938271605	0.502160493827	0.429012345679	0.370679012346	0.177469135802	0.468518518519	0.439814814815	0.415617283951	0.0
CA_ACC_DON_GRE	2.0	5	6.0	Srel	0.720679012346	0.54475308642	0.796913580247	0.921604938272	0.670679012346	0.629012345679	0.921296296296	0.905555555556	0.657098765432	0.558024691358	0.732561728395	0.0
CA_ACC_DON_GRE	2.0	5	6.0	SrelScore08	0.718209876543	0.562654320988	0.79012345679	0.922839506173	0.654938271605	0.638580246914	0.922222222222	0.904320987654	0.667283950617	0.553703703704	0.733487654321	0.0
CA_ACC_DON_GRE	2.0	5	6.0	RMSD	0.566049382716	0.575308641975	0.44475308642	0.457098765432	0.529938271605	0.536728395062	0.571913580247	0.816358024691	0.425925925926	0.580864197531	0.55049382716	0.0
CA_ACC_DON_GRE	2.0	5	6.0	SrelScore05	0.701234567901	0.606172839506	0.772222222222	0.91975308642	0.61450617284	0.63950617284	0.920679012346	0.903086419753	0.700925925926	0.562962962963	0.734104938272	0.0
CA_ACC_DON_GRE	2.0	5	6.0	SOScore08	0.587345679012	0.518518518519	0.704938271605	0.785185185185	0.66450617284	0.587345679012	0.876234567901	0.923456790123	0.56975308642	0.443209876543	0.666049382716	0.0
CA_ACC_DON_GRE	2.0	5	6.0	aaScore08	0.416358024691	0.416666666667	0.55	0.521296296296	0.46975308642	0.455555555556	0.416666666667	0.179938271605	0.541358024691	0.423148148148	0.439074074074	0.0
CA_ACC_DON_GRE	2.0	5	6.0	SO	0.592901234568	0.495679012346	0.710802469136	0.785802469136	0.678086419753	0.584259259259	0.874382716049	0.927777777778	0.559259259259	0.44537037037	0.665432098765	0.0
CA_ACC_DON_GRE	2.0	5	6.0	GO	0.604938271605	0.679012345679	0.607407407407	0.652469135802	0.434259259259	0.561728395062	0.764197530864	0.666975308642	0.664197530864	0.407407407407	0.604259259259	0.0
CA_ACC_DON_GRE	2.0	5	6.0	SOScore05	0.590740740741	0.556172839506	0.688888888889	0.791975308642	0.679320987654	0.575	0.871296296296	0.924074074074	0.6	0.427777777778	0.670524691358	0.0
CA_ACC_DON_GRE	2.0	5	6.0	Tanimoto	0.720679012346	0.54475308642	0.796913580247	0.921604938272	0.670679012346	0.629012345679	0.921296296296	0.905555555556	0.657098765432	0.558024691358	0.732561728395	0.0
CA_ACC_DON_GRE	2.5	5	6.0	aaScore05	0.381481481481	0.375308641975	0.345061728395	0.39012345679	0.491049382716	0.479938271605	0.220679012346	0.0966049382716	0.438888888889	0.468518518519	0.368765432099	0.0
CA_ACC_DON_GRE	2.5	5	6.0	Srel	0.678086419753	0.575308641975	0.795679012346	0.945987654321	0.661419753086	0.683641975309	0.930864197531	0.903086419753	0.666666666667	0.519135802469	0.735987654321	0.0
CA_ACC_DON_GRE	2.5	5	6.0	SrelScore08	0.703395061728	0.587654320988	0.797222222222	0.946296296296	0.660802469136	0.687037037037	0.92962962963	0.905555555556	0.677160493827	0.517283950617	0.741203703704	0.0
CA_ACC_DON_GRE	2.5	5	6.0	RMSD	0.555864197531	0.524382716049	0.623456790123	0.572839506173	0.513271604938	0.492901234568	0.725925925926	0.903395061728	0.431481481481	0.568209876543	0.591172839506	0.0
CA_ACC_DON_GRE	2.5	5	6.0	SrelScore05	0.719444444444	0.615740740741	0.777777777778	0.947530864198	0.651234567901	0.678395061728	0.930864197531	0.913580246914	0.723456790123	0.518827160494	0.747685185185	0.0
CA_ACC_DON_GRE	2.5	5	6.0	SOScore08	0.566049382716	0.490432098765	0.691666666667	0.794135802469	0.685185185185	0.574074074074	0.883333333333	0.927777777778	0.622530864198	0.381172839506	0.661635802469	0.0
CA_ACC_DON_GRE	2.5	5	6.0	aaScore08	0.441666666667	0.43950617284	0.366049382716	0.41975308642	0.49475308642	0.501851851852	0.247222222222	0.0913580246914	0.532098765432	0.425308641975	0.395956790123	0.0
CA_ACC_DON_GRE	2.5	5	6.0	SO	0.568209876543	0.478703703704	0.69537037037	0.795987654321	0.691975308642	0.569135802469	0.886419753086	0.925925925926	0.60987654321	0.379938271605	0.660154320988	0.0
CA_ACC_DON_GRE	2.5	5	6.0	GO	0.629320987654	0.666358024691	0.578086419753	0.644444444444	0.46975308642	0.524691358025	0.777469135802	0.710802469136	0.647530864198	0.496296296296	0.614475308642	0.0
CA_ACC_DON_GRE	2.5	5	6.0	SOScore05	0.579012345679	0.529938271605	0.68487654321	0.801543209877	0.671604938272	0.584567901235	0.871604938272	0.925925925926	0.639814814815	0.399074074074	0.668796296296	0.0
CA_ACC_DON_GRE	2.5	5	6.0	Tanimoto	0.678086419753	0.575308641975	0.795679012346	0.945987654321	0.661419753086	0.683641975309	0.930864197531	0.903086419753	0.666666666667	0.519135802469	0.735987654321	0.0
CA_ACC_DON_GRE	3.0	5	6.0	aaScore05	0.41512345679	0.37037037037	0.35	0.32962962963	0.472530864198	0.483333333333	0.222839506173	0.104938271605	0.451234567901	0.480555555556	0.368055555556	0.0
CA_ACC_DON_GRE	3.0	5	6.0	Srel	0.666975308642	0.604012345679	0.831481481481	0.951851851852	0.675308641975	0.668827160494	0.944444444444	0.9	0.681172839506	0.475617283951	0.739969135802	0.0
CA_ACC_DON_GRE	3.0	5	6.0	SrelScore08	0.68024691358	0.606481481481	0.821604938272	0.954938271605	0.673456790123	0.671296296296	0.949382716049	0.901234567901	0.697530864198	0.475925925926	0.743209876543	0.0
CA_ACC_DON_GRE	3.0	5	6.0	RMSD	0.538271604938	0.570061728395	0.629012345679	0.645679012346	0.553395061728	0.504012345679	0.773765432099	0.887037037037	0.477777777778	0.523765432099	0.610277777778	0.0
CA_ACC_DON_GRE	3.0	5	6.0	SrelScore05	0.692592592593	0.632407407407	0.803703703704	0.949382716049	0.664197530864	0.648456790123	0.95	0.91975308642	0.731481481481	0.486419753086	0.747839506173	0.0
CA_ACC_DON_GRE	3.0	5	6.0	SOScore08	0.55987654321	0.548765432099	0.688888888889	0.798148148148	0.674382716049	0.578086419753	0.891666666667	0.909259259259	0.580864197531	0.369444444444	0.659938271605	0.0
CA_ACC_DON_GRE	3.0	5	6.0	aaScore08	0.429012345679	0.412654320988	0.362962962963	0.343209876543	0.452777777778	0.483333333333	0.216049382716	0.10987654321	0.506172839506	0.481481481481	0.37975308642	0.0
CA_ACC_DON_GRE	3.0	5	6.0	SO	0.547839506173	0.538580246914	0.694135802469	0.794444444444	0.675308641975	0.584259259259	0.893827160494	0.906790123457	0.570987654321	0.367901234568	0.657407407407	0.0
CA_ACC_DON_GRE	3.0	5	6.0	GO	0.606790123457	0.653086419753	0.606172839506	0.632407407407	0.523456790123	0.512962962963	0.714197530864	0.745987654321	0.737962962963	0.483641975309	0.621666666667	0.0
CA_ACC_DON_GRE	3.0	5	6.0	SOScore05	0.584259259259	0.592592592593	0.682716049383	0.79012345679	0.659567901235	0.563888888889	0.880555555556	0.925925925926	0.606790123457	0.380864197531	0.666728395062	0.0
CA_ACC_DON_GRE	3.0	5	6.0	Tanimoto	0.666975308642	0.604012345679	0.831481481481	0.951851851852	0.675308641975	0.668827160494	0.944444444444	0.9	0.681172839506	0.475617283951	0.739969135802	0.0
CA_ACC_DON_GRE	3.5	5	6.0	aaScore05	0.386419753086	0.380864197531	0.324691358025	0.264197530864	0.53950617284	0.393518518519	0.210802469136	0.127777777778	0.45524691358	0.484259259259	0.356728395062	0.0
CA_ACC_DON_GRE	3.5	5	6.0	Srel	0.691049382716	0.616975308642	0.813271604938	0.961728395062	0.670061728395	0.657716049383	0.954938271605	0.898765432099	0.688580246914	0.484259259259	0.743734567901	0.0
CA_ACC_DON_GRE	3.5	5	6.0	SrelScore08	0.704938271605	0.635802469136	0.806790123457	0.96049382716	0.667901234568	0.666358024691	0.95	0.898148148148	0.704938271605	0.489197530864	0.748456790123	0.0
CA_ACC_DON_GRE	3.5	5	6.0	RMSD	0.527469135802	0.575	0.702160493827	0.738271604938	0.473148148148	0.554320987654	0.802777777778	0.902777777778	0.421604938272	0.549074074074	0.624660493827	0.0
CA_ACC_DON_GRE	3.5	5	6.0	SrelScore05	0.711111111111	0.663580246914	0.78950617284	0.956172839506	0.626851851852	0.666975308642	0.944444444444	0.901851851852	0.758641975309	0.495061728395	0.751419753086	0.0
CA_ACC_DON_GRE	3.5	5	6.0	SOScore08	0.562654320988	0.566049382716	0.653703703704	0.768518518519	0.676543209877	0.560802469136	0.885802469136	0.91450617284	0.605864197531	0.376543209877	0.657098765432	0.0
CA_ACC_DON_GRE	3.5	5	6.0	aaScore08	0.442901234568	0.406172839506	0.303086419753	0.261728395062	0.529012345679	0.423456790123	0.197530864198	0.109259259259	0.540740740741	0.467901234568	0.368179012346	0.0
CA_ACC_DON_GRE	3.5	5	6.0	SO	0.562345679012	0.555555555556	0.657716049383	0.764814814815	0.683950617284	0.554320987654	0.891049382716	0.919444444444	0.595987654321	0.375308641975	0.656049382716	0.0
CA_ACC_DON_GRE	3.5	5	6.0	GO	0.616975308642	0.663580246914	0.579938271605	0.677777777778	0.457716049383	0.588580246914	0.667283950617	0.717283950617	0.69475308642	0.454012345679	0.611790123457	0.0
CA_ACC_DON_GRE	3.5	5	6.0	SOScore05	0.604938271605	0.581481481481	0.654320987654	0.763580246914	0.646604938272	0.558024691358	0.87037037037	0.908333333333	0.622222222222	0.376851851852	0.658672839506	0.0
CA_ACC_DON_GRE	3.5	5	6.0	Tanimoto	0.691049382716	0.616975308642	0.813271604938	0.961728395062	0.670061728395	0.657716049383	0.954938271605	0.898765432099	0.688580246914	0.484259259259	0.743734567901	0.0
