Atomtypes	Cuttoff	Ncliques	Distance	Median(Score)	AND	BGC	NAD	PO4	GLC	FMN	EST	ATP	AMP	HEM	FAD	Mean	Percent
CA_GRE	1.5	5	6.0	aaScore05	0.696428571429	0.510309278351	0.605462184874	0.200328947368	0.566326530612	0.521808510638	0.762886597938	0.538908765653	0.510989010989	0.742261904762	0.719135802469	0.579531464098	0.0544444444444
CA_GRE	1.5	5	6.0	Srel	0.836734693878	0.932989690722	0.527731092437	0.647697368421	0.688775510204	0.65	0.896907216495	0.642665474061	0.769917582418	0.775	0.502160493827	0.715507192951	0.0544444444444
CA_GRE	1.5	5	6.0	SrelScore08	0.834183673469	0.932989690722	0.531092436975	0.644901315789	0.678571428571	0.654787234043	0.886597938144	0.639758497317	0.744505494505	0.769047619048	0.495679012346	0.710192212812	0.0544444444444
CA_GRE	1.5	5	6.0	RMSD	0.352040816327	0.497422680412	0.411764705882	0.505592105263	0.474489795918	0.487765957447	0.170103092784	0.478309481216	0.549450549451	0.272023809524	0.301543209877	0.409136927645	0.0544444444444
CA_GRE	1.5	5	6.0	SrelScore05	0.81887755102	0.912371134021	0.55	0.640953947368	0.688775510204	0.660638297872	0.824742268041	0.617620751342	0.692994505495	0.750198412698	0.502777777778	0.696359105076	0.0544444444444
CA_GRE	1.5	5	6.0	SOScore08	0.563775510204	0.69587628866	0.366806722689	0.274835526316	0.19387755102	0.384574468085	0.654639175258	0.410330948122	0.39217032967	0.311507936508	0.143827160494	0.399292874275	0.0544444444444
CA_GRE	1.5	5	6.0	aaScore08	0.670918367347	0.525773195876	0.614705882353	0.201315789474	0.571428571429	0.531382978723	0.814432989691	0.542039355993	0.486263736264	0.751587301587	0.724691358025	0.584958138796	0.0544444444444
CA_GRE	1.5	5	6.0	SO	0.553571428571	0.70618556701	0.353781512605	0.258881578947	0.19387755102	0.391489361702	0.610824742268	0.408765652952	0.379120879121	0.316468253968	0.139814814815	0.39207103118	0.0544444444444
CA_GRE	1.5	5	6.0	GO	0.426020408163	0.422680412371	0.536554621849	0.453618421053	0.538265306122	0.545744680851	0.484536082474	0.472495527728	0.456730769231	0.524206349206	0.462962962963	0.483983231092	0.0544444444444
CA_GRE	1.5	5	6.0	SOScore05	0.52806122449	0.69587628866	0.370588235294	0.300657894737	0.196428571429	0.412765957447	0.592783505155	0.410778175313	0.39217032967	0.323015873016	0.171296296296	0.399492941046	0.0544444444444
CA_GRE	1.5	5	6.0	Tanimoto	0.836734693878	0.932989690722	0.527731092437	0.647697368421	0.688775510204	0.65	0.896907216495	0.642665474061	0.769917582418	0.775	0.502160493827	0.715507192951	0.0544444444444
ACC_DON	1.5	5	6.0	aaScore05	0.196428571429	0.30412371134	0.512605042017	0.478947368421	0.459183673469	0.511170212766	0.203608247423	0.521466905188	0.464972527473	0.513492063492	0.717283950617	0.443934752149	0.000707070707071
ACC_DON	1.5	5	6.0	Srel	0.841836734694	0.621134020619	0.591176470588	0.900164473684	0.670918367347	0.665957446809	0.752577319588	0.530858676208	0.611950549451	0.597023809524	0.694135802469	0.679793970089	0.000707070707071
ACC_DON	1.5	5	6.0	SrelScore08	0.859693877551	0.690721649485	0.586974789916	0.896875	0.663265306122	0.685106382979	0.757731958763	0.538237924866	0.622252747253	0.609523809524	0.696913580247	0.691572456973	0.000707070707071
ACC_DON	1.5	5	6.0	RMSD	0.80612244898	0.610824742268	0.422268907563	0.512335526316	0.584183673469	0.46914893617	0.79381443299	0.432245080501	0.494505494505	0.460714285714	0.250925925926	0.530644495855	0.000707070707071
ACC_DON	1.5	5	6.0	SrelScore05	0.887755102041	0.783505154639	0.61512605042	0.875	0.617346938776	0.714893617021	0.786082474227	0.561940966011	0.581730769231	0.632142857143	0.688580246914	0.704009470584	0.000707070707071
ACC_DON	1.5	5	6.0	SOScore08	0.451530612245	0.773195876289	0.390756302521	0.621875	0.650510204082	0.517553191489	0.45618556701	0.395796064401	0.462912087912	0.455158730159	0.222222222222	0.490699623485	0.000707070707071
ACC_DON	1.5	5	6.0	aaScore08	0.204081632653	0.355670103093	0.557142857143	0.480756578947	0.454081632653	0.51329787234	0.208762886598	0.547182468694	0.489697802198	0.534722222222	0.751851851852	0.46338617349	0.000707070707071
ACC_DON	1.5	5	6.0	SO	0.387755102041	0.773195876289	0.385294117647	0.626973684211	0.673469387755	0.496808510638	0.407216494845	0.378354203936	0.45467032967	0.450198412698	0.213580246914	0.477046942422	0.000707070707071
ACC_DON	1.5	5	6.0	GO	0.770408163265	0.819587628866	0.555462184874	0.524013157895	0.420918367347	0.60585106383	0.574742268041	0.561940966011	0.506181318681	0.559126984127	0.511728395062	0.582723681636	0.000707070707071
ACC_DON	1.5	5	6.0	SOScore05	0.573979591837	0.827319587629	0.413025210084	0.616282894737	0.660714285714	0.567553191489	0.536082474227	0.423524150268	0.515796703297	0.480753968254	0.232098765432	0.531557347543	0.000707070707071
ACC_DON	1.5	5	6.0	Tanimoto	0.841836734694	0.621134020619	0.591176470588	0.900164473684	0.670918367347	0.665957446809	0.752577319588	0.530858676208	0.611950549451	0.597023809524	0.694135802469	0.679793970089	0.000707070707071
CA_ACC_DON	1.5	5	6.0	aaScore05	0.142857142857	0.634020618557	0.583613445378	0.433223684211	0.566326530612	0.61329787234	0.510309278351	0.525939177102	0.446428571429	0.552579365079	0.693209876543	0.518345960224	0.00292929292929
CA_ACC_DON	1.5	5	6.0	Srel	0.719387755102	0.507731958763	0.597899159664	0.849506578947	0.59693877551	0.602659574468	0.69587628866	0.564177101968	0.610576923077	0.573015873016	0.584567901235	0.627485262764	0.00292929292929
CA_ACC_DON	1.5	5	6.0	SrelScore08	0.734693877551	0.507731958763	0.583613445378	0.859539473684	0.602040816327	0.630319148936	0.690721649485	0.576699463327	0.600274725275	0.584325396825	0.567283950617	0.630658536924	0.00292929292929
CA_ACC_DON	1.5	5	6.0	RMSD	0.849489795918	0.430412371134	0.396638655462	0.528289473684	0.456632653061	0.31914893617	0.507731958763	0.481216457961	0.578296703297	0.416666666667	0.305555555556	0.479098111607	0.00292929292929
CA_ACC_DON	1.5	5	6.0	SrelScore05	0.81887755102	0.502577319588	0.587394957983	0.845559210526	0.617346938776	0.68085106383	0.701030927835	0.593023255814	0.568681318681	0.596626984127	0.573765432099	0.644157723662	0.00292929292929
CA_ACC_DON	1.5	5	6.0	SOScore08	0.227040816327	0.603092783505	0.38487394958	0.519901315789	0.68112244898	0.466489361702	0.432989690722	0.388864042934	0.459478021978	0.408333333333	0.18024691358	0.432039334403	0.00292929292929
CA_ACC_DON	1.5	5	6.0	aaScore08	0.15306122449	0.603092783505	0.590336134454	0.444078947368	0.561224489796	0.668085106383	0.494845360825	0.519007155635	0.445054945055	0.574206349206	0.705864197531	0.52353242675	0.00292929292929
CA_ACC_DON	1.5	5	6.0	SO	0.234693877551	0.615979381443	0.381932773109	0.512335526316	0.678571428571	0.446276595745	0.448453608247	0.403175313059	0.467032967033	0.39503968254	0.184259259259	0.433431855716	0.00292929292929
CA_ACC_DON	1.5	5	6.0	GO	0.798469387755	0.363402061856	0.507983193277	0.536184210526	0.525510204082	0.627127659574	0.546391752577	0.513864042934	0.483516483516	0.561111111111	0.463888888889	0.538858999645	0.00292929292929
CA_ACC_DON	1.5	5	6.0	SOScore05	0.298469387755	0.561855670103	0.395378151261	0.532730263158	0.696428571429	0.490957446809	0.489690721649	0.406082289803	0.459478021978	0.433531746032	0.195061728395	0.450878545306	0.00292929292929
CA_ACC_DON	1.5	5	6.0	Tanimoto	0.719387755102	0.507731958763	0.597899159664	0.849506578947	0.59693877551	0.602659574468	0.69587628866	0.564177101968	0.610576923077	0.573015873016	0.584567901235	0.627485262764	0.00292929292929
ACC_DON_GRE	1.5	5	6.0	aaScore05	0.0765306122449	0.572164948454	0.471008403361	nan	0.744897959184	0.48670212766	0.30412371134	0.512075134168	0.47385620915	0.552579365079	0.617399691358	nan	0.0
ACC_DON_GRE	1.5	5	6.0	Srel	0.548469387755	0.79381443299	0.44387755102	nan	0.94387755102	0.612234042553	0.791237113402	0.655018882926	0.592032967033	0.810714285714	0.704598765432	nan	0.0
ACC_DON_GRE	1.5	5	6.0	SrelScore08	0.591836734694	0.79381443299	0.46974789916	nan	0.938775510204	0.643617021277	0.775773195876	0.65675313059	0.600961538462	0.816236772487	0.696188271605	nan	0.0
ACC_DON_GRE	1.5	5	6.0	RMSD	0.790816326531	0.39175257732	0.515306122449	nan	0.326530612245	0.392021276596	0.654639175258	0.464445438283	0.584478021978	0.369152661064	0.321913580247	nan	0.0
ACC_DON_GRE	1.5	5	6.0	SrelScore05	0.637755102041	0.878865979381	0.538265306122	nan	0.910714285714	0.68829787234	0.734536082474	0.655858676208	0.587912087912	0.824074074074	0.68274281935	nan	0.0
ACC_DON_GRE	1.5	5	6.0	SOScore08	0.357142857143	0.79381443299	0.364795918367	nan	0.497448979592	0.424468085106	0.554545454545	0.353756708408	0.254901960784	0.381051587302	0.147283950617	nan	0.0
ACC_DON_GRE	1.5	5	6.0	aaScore08	0.142857142857	0.60824742268	0.473214285714	nan	0.704081632653	0.559042553191	0.327319587629	0.536896243292	0.461538461538	0.6	0.666049382716	nan	0.0
ACC_DON_GRE	1.5	5	6.0	SO	0.303571428571	0.75	0.355867346939	nan	0.510204081633	0.415425531915	0.554545454545	0.347048300537	0.269607843137	0.37457010582	0.148456790123	nan	0.0
ACC_DON_GRE	1.5	5	6.0	GO	0.795918367347	0.670103092784	0.561764705882	nan	0.397959183673	0.633510638298	0.559090909091	0.53958540383	0.472222222222	0.612731481481	0.51049382716	nan	0.0
ACC_DON_GRE	1.5	5	6.0	SOScore05	0.459183673469	0.781818181818	0.407142857143	nan	0.451530612245	0.459574468085	0.523195876289	0.376118067979	0.274509803922	0.413773148148	0.159922839506	nan	0.0
ACC_DON_GRE	1.5	5	6.0	Tanimoto	0.548469387755	0.79381443299	0.44387755102	nan	0.94387755102	0.612234042553	0.791237113402	0.655018882926	0.592032967033	0.810714285714	0.704598765432	nan	0.0
CA_ACC_DON_GRE	1.5	5	6.0	aaScore05	0.270408163265	0.252577319588	0.554621848739	0.408552631579	0.729591836735	0.578191489362	0.84793814433	0.515205724508	0.512362637363	0.624801587302	0.683641975309	0.543444850734	0.000606060606061
CA_ACC_DON_GRE	1.5	5	6.0	Srel	0.811224489796	0.90206185567	0.571848739496	0.887993421053	0.84693877551	0.668617021277	0.925257731959	0.599284436494	0.679258241758	0.787301587302	0.625617283951	0.755036689479	0.000606060606061
CA_ACC_DON_GRE	1.5	5	6.0	SrelScore08	0.831632653061	0.912371134021	0.586554621849	0.89375	0.836734693878	0.66329787234	0.922680412371	0.601520572451	0.65521978022	0.783531746032	0.624382716049	0.755606927479	0.000606060606061
CA_ACC_DON_GRE	1.5	5	6.0	RMSD	0.494897959184	0.690721649485	0.416386554622	0.575164473684	0.22193877551	0.476063829787	0.247422680412	0.467352415027	0.526785714286	0.323611111111	0.324691358025	0.433185138285	0.000606060606061
CA_ACC_DON_GRE	1.5	5	6.0	SrelScore05	0.880102040816	0.907216494845	0.599579831933	0.887171052632	0.836734693878	0.635106382979	0.871134020619	0.600402504472	0.645604395604	0.797222222222	0.600617283951	0.750990083995	0.000606060606061
CA_ACC_DON_GRE	1.5	5	6.0	SOScore08	0.512755102041	0.726804123711	0.36512605042	0.421381578947	0.466836734694	0.475	0.721649484536	0.372987477639	0.377747252747	0.41130952381	0.148456790123	0.454550374424	0.000606060606061
CA_ACC_DON_GRE	1.5	5	6.0	aaScore08	0.44387755102	0.298969072165	0.570588235294	0.425822368421	0.780612244898	0.534042553191	0.773195876289	0.522584973166	0.481456043956	0.667261904762	0.677160493827	0.561415574272	0.000606060606061
CA_ACC_DON_GRE	1.5	5	6.0	SO	0.47193877551	0.721649484536	0.35756302521	0.400657894737	0.448979591837	0.482446808511	0.747422680412	0.37343470483	0.39010989011	0.397619047619	0.149382716049	0.449200419942	0.000606060606061
CA_ACC_DON_GRE	1.5	5	6.0	GO	0.959183673469	0.798969072165	0.535294117647	0.549013157895	0.663265306122	0.369680851064	0.180412371134	0.514982110912	0.415521978022	0.597023809524	0.473148148148	0.550590417828	0.000606060606061
CA_ACC_DON_GRE	1.5	5	6.0	SOScore05	0.691326530612	0.737113402062	0.373529411765	0.464802631579	0.47193877551	0.43670212766	0.70618556701	0.379248658318	0.37706043956	0.426785714286	0.154012345679	0.474427782186	0.000606060606061
CA_ACC_DON_GRE	1.5	5	6.0	Tanimoto	0.811224489796	0.90206185567	0.571848739496	0.887993421053	0.84693877551	0.668617021277	0.925257731959	0.599284436494	0.679258241758	0.787301587302	0.625617283951	0.755036689479	0.000606060606061
CA_GRE	2.0	5	6.0	aaScore05	0.892857142857	0.231958762887	0.610504201681	0.169901315789	0.397959183673	0.448404255319	0.829896907216	0.538908765653	0.447115384615	0.736111111111	0.72037037037	0.547635218288	0.0544444444444
CA_GRE	2.0	5	6.0	Srel	0.961734693878	0.829896907216	0.53781512605	0.606578947368	0.760204081633	0.585638297872	0.912371134021	0.629919499106	0.697802197802	0.857142857143	0.621604938272	0.72733715276	0.0544444444444
CA_GRE	2.0	5	6.0	SrelScore08	0.948979591837	0.845360824742	0.545378151261	0.610690789474	0.765306122449	0.584574468085	0.917525773196	0.632379248658	0.679945054945	0.855952380952	0.61049382716	0.726962384796	0.0544444444444
CA_GRE	2.0	5	6.0	RMSD	0.130102040816	0.788659793814	0.406722689076	0.506414473684	0.594387755102	0.617553191489	0.159793814433	0.485017889088	0.633928571429	0.275793650794	0.262654320988	0.441911653701	0.0544444444444
CA_GRE	2.0	5	6.0	SrelScore05	0.938775510204	0.876288659794	0.547058823529	0.628618421053	0.811224489796	0.570744680851	0.917525773196	0.633497316637	0.661401098901	0.846428571429	0.584259259259	0.728711145877	0.0544444444444
CA_GRE	2.0	5	6.0	SOScore08	0.755102040816	0.579896907216	0.347058823529	0.212828947368	0.270408163265	0.271276595745	0.654639175258	0.393112701252	0.325549450549	0.380753968254	0.139814814815	0.393676508006	0.0544444444444
CA_GRE	2.0	5	6.0	aaScore08	0.887755102041	0.237113402062	0.619327731092	0.165131578947	0.428571428571	0.414893617021	0.855670103093	0.552325581395	0.402472527473	0.758333333333	0.748148148148	0.551794777562	0.0544444444444
CA_GRE	2.0	5	6.0	SO	0.757653061224	0.572164948454	0.348739495798	0.204111842105	0.262755102041	0.280319148936	0.682989690722	0.389311270125	0.326923076923	0.381746031746	0.13950617284	0.395110894629	0.0544444444444
CA_GRE	2.0	5	6.0	GO	0.385204081633	0.579896907216	0.560504201681	0.457236842105	0.801020408163	0.549468085106	0.538659793814	0.477415026834	0.461538461538	0.532936507937	0.48549382716	0.529943103926	0.0544444444444
CA_GRE	2.0	5	6.0	SOScore05	0.729591836735	0.600515463918	0.376470588235	0.251315789474	0.301020408163	0.290957446809	0.670103092784	0.397137745975	0.301510989011	0.386706349206	0.157407407407	0.405703374338	0.0544444444444
CA_GRE	2.0	5	6.0	Tanimoto	0.961734693878	0.829896907216	0.53781512605	0.606578947368	0.760204081633	0.585638297872	0.912371134021	0.629919499106	0.697802197802	0.857142857143	0.621604938272	0.72733715276	0.0544444444444
ACC_DON	2.0	5	6.0	aaScore05	0.397959183673	0.386597938144	0.546638655462	0.451973684211	0.586734693878	0.566489361702	0.0360824742268	0.54271019678	0.378434065934	0.507142857143	0.571296296296	0.452005400677	0.000707070707071
ACC_DON	2.0	5	6.0	Srel	0.714285714286	0.711340206186	0.589075630252	0.911184210526	0.719387755102	0.668617021277	0.296391752577	0.592799642218	0.506181318681	0.641468253968	0.747839506173	0.645324637386	0.000707070707071
ACC_DON	2.0	5	6.0	SrelScore08	0.757653061224	0.783505154639	0.598319327731	0.911677631579	0.69387755102	0.669680851064	0.309278350515	0.595706618962	0.51510989011	0.649007936508	0.748765432099	0.657507436859	0.000707070707071
ACC_DON	2.0	5	6.0	RMSD	0.517857142857	0.688144329897	0.400420168067	0.540460526316	0.489795918367	0.442021276596	0.958762886598	0.431797853309	0.619505494505	0.474206349206	0.335185185185	0.53619610281	0.000707070707071
ACC_DON	2.0	5	6.0	SrelScore05	0.790816326531	0.871134020619	0.605042016807	0.891940789474	0.665816326531	0.662234042553	0.40206185567	0.606216457961	0.51717032967	0.667658730159	0.729012345679	0.67355484015	0.000707070707071
ACC_DON	2.0	5	6.0	SOScore08	0.336734693878	0.796391752577	0.363865546218	0.633552631579	0.714285714286	0.494680851064	0.159793814433	0.397808586762	0.414148351648	0.458134920635	0.219135802469	0.453502969595	0.000707070707071
ACC_DON	2.0	5	6.0	aaScore08	0.448979591837	0.314432989691	0.558403361345	0.445559210526	0.551020408163	0.56170212766	0.0360824742268	0.560822898032	0.369505494505	0.528373015873	0.641975308642	0.456077898227	0.000707070707071
ACC_DON	2.0	5	6.0	SO	0.283163265306	0.829896907216	0.363865546218	0.638322368421	0.727040816327	0.48829787234	0.154639175258	0.395125223614	0.413461538462	0.449404761905	0.216666666667	0.450898558339	0.000707070707071
ACC_DON	2.0	5	6.0	GO	0.864795918367	0.760309278351	0.563865546218	0.497532894737	0.331632653061	0.476595744681	0.564432989691	0.539355992844	0.504807692308	0.557142857143	0.552160493827	0.564784732839	0.000707070707071
ACC_DON	2.0	5	6.0	SOScore05	0.459183673469	0.747422680412	0.382352941176	0.629769736842	0.668367346939	0.494680851064	0.216494845361	0.436493738819	0.429945054945	0.482738095238	0.256172839506	0.473056527616	0.000707070707071
ACC_DON	2.0	5	6.0	Tanimoto	0.714285714286	0.711340206186	0.589075630252	0.911184210526	0.719387755102	0.668617021277	0.296391752577	0.592799642218	0.506181318681	0.641468253968	0.747839506173	0.645324637386	0.000707070707071
CA_ACC_DON	2.0	5	6.0	aaScore05	0.0714285714286	0.631443298969	0.533613445378	0.392598684211	0.576530612245	0.479787234043	0.451030927835	0.529293381038	0.418956043956	0.522023809524	0.752469135802	0.487197740403	0.00292929292929
CA_ACC_DON	2.0	5	6.0	Srel	0.622448979592	0.783505154639	0.614285714286	0.857072368421	0.627551020408	0.652127659574	0.530927835052	0.557021466905	0.578296703297	0.631349206349	0.728395061728	0.652998288205	0.00292929292929
CA_ACC_DON	2.0	5	6.0	SrelScore08	0.673469387755	0.817010309278	0.62268907563	0.856578947368	0.586734693878	0.663829787234	0.530927835052	0.569991055456	0.56043956044	0.637301587302	0.715432098765	0.657673121651	0.00292929292929
CA_ACC_DON	2.0	5	6.0	RMSD	0.900510204082	0.39175257732	0.428151260504	0.562171052632	0.530612244898	0.448936170213	0.574742268041	0.451699463327	0.5625	0.42619047619	0.268209876543	0.504134144886	0.00292929292929
CA_ACC_DON	2.0	5	6.0	SrelScore05	0.780612244898	0.835051546392	0.589915966387	0.846217105263	0.489795918367	0.689361702128	0.551546391753	0.586538461538	0.496565934066	0.654166666667	0.671296296296	0.653733475796	0.00292929292929
CA_ACC_DON	2.0	5	6.0	SOScore08	0.155612244898	0.657216494845	0.395378151261	0.568585526316	0.665816326531	0.454787234043	0.340206185567	0.403846153846	0.486950549451	0.441865079365	0.23024691358	0.436410078155	0.00292929292929
CA_ACC_DON	2.0	5	6.0	aaScore08	0.0969387755102	0.628865979381	0.565966386555	0.413651315789	0.502551020408	0.522340425532	0.430412371134	0.543828264758	0.434065934066	0.57380952381	0.736728395062	0.495378035637	0.00292929292929
CA_ACC_DON	2.0	5	6.0	SO	0.125	0.649484536082	0.375210084034	0.565131578947	0.704081632653	0.43829787234	0.327319587629	0.393336314848	0.48489010989	0.427182539683	0.228395061728	0.428939028894	0.00292929292929
CA_ACC_DON	2.0	5	6.0	GO	0.869897959184	0.634020618557	0.540756302521	0.538322368421	0.265306122449	0.652127659574	0.489690721649	0.526386404293	0.390796703297	0.5625	0.472530864198	0.540212338558	0.00292929292929
CA_ACC_DON	2.0	5	6.0	SOScore05	0.336734693878	0.662371134021	0.42731092437	0.569736842105	0.553571428571	0.494680851064	0.365979381443	0.4114490161	0.45260989011	0.455357142857	0.248148148148	0.452540859333	0.00292929292929
CA_ACC_DON	2.0	5	6.0	Tanimoto	0.622448979592	0.783505154639	0.614285714286	0.857072368421	0.627551020408	0.652127659574	0.530927835052	0.557021466905	0.578296703297	0.631349206349	0.728395061728	0.652998288205	0.00292929292929
ACC_DON_GRE	2.0	5	6.0	aaScore05	0.102040816327	0.113402061856	0.499159663866	nan	0.772959183673	0.594680851064	0.396907216495	0.523255813953	0.493131868132	0.492113095238	0.622839506173	nan	0.0
ACC_DON_GRE	2.0	5	6.0	Srel	0.663265306122	0.654545454545	0.476470588235	nan	0.928571428571	0.661170212766	0.850515463918	0.69867581862	0.630494505495	0.839682539683	0.800023148148	nan	0.0
ACC_DON_GRE	2.0	5	6.0	SrelScore08	0.729591836735	0.7	0.486974789916	nan	0.923469387755	0.662234042553	0.871134020619	0.691273884525	0.627747252747	0.845436507937	0.80587962963	nan	0.0
ACC_DON_GRE	2.0	5	6.0	RMSD	0.622448979592	0.855670103093	0.459243697479	nan	0.227040816327	0.41329787234	0.556701030928	0.4478980322	0.474587912088	0.432936507937	0.296913580247	nan	0.0
ACC_DON_GRE	2.0	5	6.0	SrelScore05	0.821428571429	0.754545454545	0.5	nan	0.923469387755	0.655319148936	0.845360824742	0.701475849732	0.629807692308	0.866121031746	0.777155612245	nan	0.0
ACC_DON_GRE	2.0	5	6.0	SOScore08	0.326530612245	0.8	0.33025210084	nan	0.405612244898	0.425531914894	0.582474226804	0.344141323792	0.28431372549	0.40284992785	0.158641975309	nan	0.0
ACC_DON_GRE	2.0	5	6.0	aaScore08	0.25	0.128865979381	0.52731092437	nan	0.783163265306	0.586170212766	0.40206185567	0.533542039356	0.513736263736	0.540476190476	0.679012345679	nan	0.0
ACC_DON_GRE	2.0	5	6.0	SO	0.267857142857	0.745454545455	0.324369747899	nan	0.43112244898	0.427659574468	0.605670103093	0.33072450805	0.287581699346	0.389484126984	0.15462962963	nan	0.0
ACC_DON_GRE	2.0	5	6.0	GO	0.979591836735	0.836363636364	0.559948979592	nan	0.44387755102	0.464361702128	0.585051546392	0.517869642996	0.498626373626	0.58851010101	0.482347568657	nan	0.0
ACC_DON_GRE	2.0	5	6.0	SOScore05	0.479591836735	0.824742268041	0.36218487395	nan	0.415816326531	0.429255319149	0.625	0.373211091234	0.292483660131	0.444083694084	0.17575617284	nan	0.0
ACC_DON_GRE	2.0	5	6.0	Tanimoto	0.663265306122	0.654545454545	0.476470588235	nan	0.928571428571	0.661170212766	0.850515463918	0.69867581862	0.630494505495	0.839682539683	0.800023148148	nan	0.0
CA_ACC_DON_GRE	2.0	5	6.0	aaScore05	0.474489795918	0.273195876289	0.555462184874	0.348519736842	0.454081632653	0.46170212766	0.546391752577	0.543828264758	0.482142857143	0.634523809524	0.686419753086	0.496432526484	0.000606060606061
CA_ACC_DON_GRE	2.0	5	6.0	Srel	0.90306122449	0.881443298969	0.615546218487	0.880427631579	0.688775510204	0.606914893617	0.881443298969	0.63282647585	0.653846153846	0.856746031746	0.790740740741	0.762888316227	0.000606060606061
CA_ACC_DON_GRE	2.0	5	6.0	SrelScore08	0.918367346939	0.881443298969	0.628151260504	0.881907894737	0.683673469388	0.603723404255	0.871134020619	0.637298747764	0.635989010989	0.859920634921	0.784567901235	0.762379726393	0.000606060606061
CA_ACC_DON_GRE	2.0	5	6.0	RMSD	0.242346938776	0.664948453608	0.426470588235	0.629111842105	0.517857142857	0.490425531915	0.422680412371	0.418828264758	0.533653846154	0.307341269841	0.287037037037	0.449154666151	0.000606060606061
CA_ACC_DON_GRE	2.0	5	6.0	SrelScore05	0.933673469388	0.868556701031	0.626470588235	0.879276315789	0.632653061224	0.597872340426	0.829896907216	0.647584973166	0.622252747253	0.847023809524	0.766666666667	0.750175234538	0.000606060606061
CA_ACC_DON_GRE	2.0	5	6.0	SOScore08	0.668367346939	0.716494845361	0.371008403361	0.440789473684	0.219387755102	0.442021276596	0.711340206186	0.357334525939	0.331043956044	0.456944444444	0.15987654321	0.443146252442	0.000606060606061
CA_ACC_DON_GRE	2.0	5	6.0	aaScore08	0.686224489796	0.309278350515	0.56218487395	0.353618421053	0.484693877551	0.510638297872	0.582474226804	0.582960644007	0.470467032967	0.685317460317	0.713580246914	0.540130720159	0.000606060606061
CA_ACC_DON_GRE	2.0	5	6.0	SO	0.622448979592	0.711340206186	0.36512605042	0.428618421053	0.237244897959	0.442553191489	0.69587628866	0.347942754919	0.330357142857	0.451388888889	0.162962962963	0.435987253181	0.000606060606061
CA_ACC_DON_GRE	2.0	5	6.0	GO	0.867346938776	0.682989690722	0.554621848739	0.574013157895	0.40306122449	0.534574468085	0.512886597938	0.540250447227	0.463598901099	0.594246031746	0.500308641975	0.56617254079	0.000606060606061
CA_ACC_DON_GRE	2.0	5	6.0	SOScore05	0.744897959184	0.711340206186	0.362605042017	0.459868421053	0.224489795918	0.447340425532	0.675257731959	0.378801431127	0.347527472527	0.473611111111	0.174691358025	0.45458463224	0.000606060606061
CA_ACC_DON_GRE	2.0	5	6.0	Tanimoto	0.90306122449	0.881443298969	0.615546218487	0.880427631579	0.688775510204	0.606914893617	0.881443298969	0.63282647585	0.653846153846	0.856746031746	0.790740740741	0.762888316227	0.000606060606061
CA_GRE	2.5	5	6.0	aaScore05	0.642857142857	0.345360824742	0.591596638655	0.135855263158	0.477040816327	0.494680851064	0.814432989691	0.537343470483	0.460164835165	0.731150793651	0.703703703704	0.539471575409	0.0544444444444
CA_GRE	2.5	5	6.0	Srel	0.982142857143	0.868556701031	0.555042016807	0.591447368421	0.540816326531	0.596808510638	0.969072164948	0.671735241503	0.70467032967	0.908333333333	0.654012345679	0.731148835973	0.0544444444444
CA_GRE	2.5	5	6.0	SrelScore08	0.979591836735	0.865979381443	0.566806722689	0.594572368421	0.563775510204	0.595744680851	0.969072164948	0.682468694097	0.697115384615	0.902777777778	0.656790123457	0.734063149567	0.0544444444444
CA_GRE	2.5	5	6.0	RMSD	0.288265306122	0.693298969072	0.389495798319	0.526480263158	0.517857142857	0.582446808511	0.144329896907	0.501118067979	0.601648351648	0.274404761905	0.31512345679	0.439497165752	0.0544444444444
CA_GRE	2.5	5	6.0	SrelScore05	0.959183673469	0.876288659794	0.571848739496	0.616776315789	0.599489795918	0.566489361702	0.969072164948	0.688506261181	0.65728021978	0.889880952381	0.647530864198	0.731122455332	0.0544444444444
CA_GRE	2.5	5	6.0	SOScore08	0.765306122449	0.569587628866	0.331092436975	0.168256578947	0.160714285714	0.29414893617	0.855670103093	0.432692307692	0.341346153846	0.402182539683	0.147222222222	0.406201755969	0.0544444444444
CA_GRE	2.5	5	6.0	aaScore08	0.698979591837	0.360824742268	0.616386554622	0.143092105263	0.5	0.459574468085	0.865979381443	0.531976744186	0.417582417582	0.74880952381	0.703703703704	0.549719021164	0.0544444444444
CA_GRE	2.5	5	6.0	SO	0.752551020408	0.579896907216	0.33025210084	0.169572368421	0.165816326531	0.294680851064	0.842783505155	0.435152057245	0.332417582418	0.400992063492	0.145987654321	0.40455476701	0.0544444444444
CA_GRE	2.5	5	6.0	GO	0.584183673469	0.682989690722	0.575630252101	0.429276315789	0.676020408163	0.496808510638	0.724226804124	0.50313059034	0.499313186813	0.524206349206	0.521913580247	0.56524539651	0.0544444444444
CA_GRE	2.5	5	6.0	SOScore05	0.760204081633	0.577319587629	0.350420168067	0.182236842105	0.178571428571	0.281382978723	0.871134020619	0.416368515206	0.35782967033	0.419047619048	0.173148148148	0.415242096371	0.0544444444444
CA_GRE	2.5	5	6.0	Tanimoto	0.982142857143	0.868556701031	0.555042016807	0.591447368421	0.540816326531	0.596808510638	0.969072164948	0.671735241503	0.70467032967	0.908333333333	0.654012345679	0.731148835973	0.0544444444444
ACC_DON	2.5	5	6.0	aaScore05	0.512755102041	0.309278350515	0.593697478992	0.452138157895	0.448979591837	0.558510638298	0.0721649484536	0.539132379249	0.491071428571	0.480753968254	0.613271604938	0.461068513549	0.000707070707071
ACC_DON	2.5	5	6.0	Srel	0.834183673469	0.796391752577	0.616806722689	0.917434210526	0.742346938776	0.707446808511	0.376288659794	0.616502683363	0.56456043956	0.663293650794	0.767592592593	0.691168012059	0.000707070707071
ACC_DON	2.5	5	6.0	SrelScore08	0.831632653061	0.827319587629	0.623529411765	0.9125	0.724489795918	0.690425531915	0.417525773196	0.609794275492	0.556318681319	0.669047619048	0.772530864198	0.694101290322	0.000707070707071
ACC_DON	2.5	5	6.0	RMSD	0.479591836735	0.729381443299	0.400840336134	0.531907894737	0.701530612245	0.439361702128	0.889175257732	0.444320214669	0.557692307692	0.515277777778	0.377160493827	0.551476352452	0.000707070707071
ACC_DON	2.5	5	6.0	SrelScore05	0.757653061224	0.85824742268	0.631092436975	0.905427631579	0.683673469388	0.684042553191	0.523195876289	0.607781753131	0.56043956044	0.676984126984	0.763888888889	0.695675161888	0.000707070707071
ACC_DON	2.5	5	6.0	SOScore08	0.364795918367	0.742268041237	0.363865546218	0.649506578947	0.734693877551	0.531914893617	0.182989690722	0.415697674419	0.508241758242	0.470238095238	0.200617283951	0.469529941683	0.000707070707071
ACC_DON	2.5	5	6.0	aaScore08	0.535714285714	0.288659793814	0.593277310924	0.460526315789	0.341836734694	0.554255319149	0.0876288659794	0.560375670841	0.459478021978	0.485317460317	0.613271604938	0.452758307649	0.000707070707071
ACC_DON	2.5	5	6.0	SO	0.349489795918	0.688144329897	0.348739495798	0.651809210526	0.75	0.522340425532	0.164948453608	0.410107334526	0.500686813187	0.455357142857	0.195679012346	0.457936546745	0.000707070707071
ACC_DON	2.5	5	6.0	GO	0.520408163265	0.780927835052	0.555042016807	0.502631578947	0.204081632653	0.485638297872	0.574742268041	0.5364490161	0.522664835165	0.558134920635	0.533950617284	0.524970107438	0.000707070707071
ACC_DON	2.5	5	6.0	SOScore05	0.354591836735	0.770618556701	0.405882352941	0.627796052632	0.637755102041	0.525531914894	0.270618556701	0.438729874776	0.504807692308	0.47619047619	0.229012345679	0.476503160145	0.000707070707071
ACC_DON	2.5	5	6.0	Tanimoto	0.834183673469	0.796391752577	0.616806722689	0.917434210526	0.742346938776	0.707446808511	0.376288659794	0.616502683363	0.56456043956	0.663293650794	0.767592592593	0.691168012059	0.000707070707071
CA_ACC_DON	2.5	5	6.0	aaScore05	0.147959183673	0.505154639175	0.560924369748	0.378618421053	0.897959183673	0.568085106383	0.409793814433	0.489266547406	0.482142857143	0.558928571429	0.651851851852	0.513698595088	0.00292929292929
CA_ACC_DON	2.5	5	6.0	Srel	0.34693877551	0.572164948454	0.647899159664	0.857894736842	0.747448979592	0.693617021277	0.505154639175	0.592576028623	0.535714285714	0.656349206349	0.798148148148	0.632173266304	0.00292929292929
CA_ACC_DON	2.5	5	6.0	SrelScore08	0.413265306122	0.60824742268	0.647478991597	0.856414473684	0.727040816327	0.690957446809	0.510309278351	0.605992844365	0.517857142857	0.661706349206	0.797530864198	0.639709176018	0.00292929292929
CA_ACC_DON	2.5	5	6.0	RMSD	0.857142857143	0.595360824742	0.406302521008	0.604276315789	0.244897959184	0.479787234043	0.618556701031	0.456842576029	0.495192307692	0.415277777778	0.279320987654	0.49572346019	0.00292929292929
CA_ACC_DON	2.5	5	6.0	SrelScore05	0.586734693878	0.70618556701	0.644957983193	0.859046052632	0.655612244898	0.681382978723	0.530927835052	0.626118067979	0.500686813187	0.678968253968	0.802777777778	0.661218024391	0.00292929292929
CA_ACC_DON	2.5	5	6.0	SOScore08	0.0969387755102	0.561855670103	0.373949579832	0.556414473684	0.859693877551	0.468617021277	0.479381443299	0.420169946333	0.410714285714	0.481547619048	0.237962962963	0.449749605029	0.00292929292929
CA_ACC_DON	2.5	5	6.0	aaScore08	0.15306122449	0.422680412371	0.601260504202	0.370888157895	0.801020408163	0.531382978723	0.386597938144	0.530635062612	0.486263736264	0.589880952381	0.722839506173	0.508773716493	0.00292929292929
CA_ACC_DON	2.5	5	6.0	SO	0.0892857142857	0.510309278351	0.360924369748	0.554934210526	0.877551020408	0.481914893617	0.479381443299	0.401162790698	0.395604395604	0.468650793651	0.236419753086	0.441467151207	0.00292929292929
CA_ACC_DON	2.5	5	6.0	GO	0.81887755102	0.752577319588	0.509663865546	0.514473684211	0.188775510204	0.450531914894	0.688144329897	0.573792486583	0.464972527473	0.593650793651	0.53487654321	0.553666956934	0.00292929292929
CA_ACC_DON	2.5	5	6.0	SOScore05	0.15306122449	0.59793814433	0.410924369748	0.546381578947	0.706632653061	0.479255319149	0.494845360825	0.451923076923	0.434065934066	0.492063492063	0.249074074074	0.456015020698	0.00292929292929
CA_ACC_DON	2.5	5	6.0	Tanimoto	0.34693877551	0.572164948454	0.647899159664	0.857894736842	0.747448979592	0.693617021277	0.505154639175	0.592576028623	0.535714285714	0.656349206349	0.798148148148	0.632173266304	0.00292929292929
ACC_DON_GRE	2.5	5	6.0	aaScore05	0.586734693878	0.474226804124	0.513025210084	nan	0.80612244898	0.546276595745	0.348214285714	0.473613595707	0.575320512821	0.446097883598	0.60112654321	nan	0.0
ACC_DON_GRE	2.5	5	6.0	Srel	0.678571428571	0.677272727273	0.446218487395	nan	0.969387755102	0.63670212766	0.922680412371	0.695438282648	0.686813186813	0.88253968254	0.829012345679	nan	0.0
ACC_DON_GRE	2.5	5	6.0	SrelScore08	0.714285714286	0.727272727273	0.4625	nan	0.964285714286	0.641489361702	0.922680412371	0.706171735242	0.68543956044	0.884523809524	0.822483623079	nan	0.0
ACC_DON_GRE	2.5	5	6.0	RMSD	0.165816326531	0.487113402062	0.475765306122	nan	0.198979591837	0.484042553191	0.544642857143	0.463774597496	0.449175824176	0.533465608466	0.387962962963	nan	0.0
ACC_DON_GRE	2.5	5	6.0	SrelScore05	0.803571428571	0.8	0.475	nan	0.969387755102	0.64414893617	0.922680412371	0.720930232558	0.673763736264	0.882374338624	0.793827160494	nan	0.0
ACC_DON_GRE	2.5	5	6.0	SOScore08	0.257653061224	0.763636363636	0.336974789916	nan	0.474489795918	0.36914893617	0.585051546392	0.325134168157	0.307692307692	0.39580026455	0.138580246914	nan	0.0
ACC_DON_GRE	2.5	5	6.0	aaScore08	0.77806122449	0.5	0.515306122449	nan	0.801020408163	0.495744680851	0.455357142857	0.515652951699	0.554945054945	0.454166666667	0.617901234568	nan	0.0
ACC_DON_GRE	2.5	5	6.0	SO	0.232142857143	0.754545454545	0.334033613445	nan	0.477040816327	0.381382978723	0.589285714286	0.318649373882	0.298076923077	0.383397274022	0.136111111111	nan	0.0
ACC_DON_GRE	2.5	5	6.0	GO	0.834183673469	0.729381443299	0.576890756303	nan	0.392857142857	0.442021276596	0.639175257732	0.584078711986	0.511675824176	0.5625	0.493827160494	nan	0.0
ACC_DON_GRE	2.5	5	6.0	SOScore05	0.344387755102	0.863636363636	0.363445378151	nan	0.433673469388	0.362765957447	0.65625	0.348166368515	0.296703296703	0.414351851852	0.140740740741	nan	0.0
ACC_DON_GRE	2.5	5	6.0	Tanimoto	0.678571428571	0.677272727273	0.446218487395	nan	0.969387755102	0.63670212766	0.922680412371	0.695438282648	0.686813186813	0.88253968254	0.829012345679	nan	0.0
CA_ACC_DON_GRE	2.5	5	6.0	aaScore05	0.408163265306	0.469072164948	0.513445378151	0.362171052632	0.484693877551	0.522340425532	0.829896907216	0.492397137746	0.471153846154	0.588095238095	0.699691358025	0.531010968305	0.000606060606061
CA_ACC_DON_GRE	2.5	5	6.0	Srel	0.892857142857	0.768041237113	0.609243697479	0.887335526316	0.826530612245	0.606382978723	0.89175257732	0.666368515206	0.656593406593	0.872222222222	0.791666666667	0.769908598431	0.000606060606061
CA_ACC_DON_GRE	2.5	5	6.0	SrelScore08	0.928571428571	0.778350515464	0.620168067227	0.889967105263	0.831632653061	0.603191489362	0.917525773196	0.670617173524	0.646291208791	0.87380952381	0.781172839506	0.776481616161	0.000606060606061
CA_ACC_DON_GRE	2.5	5	6.0	RMSD	0.339285714286	0.520618556701	0.483613445378	0.628125	0.469387755102	0.500531914894	0.193298969072	0.449239713775	0.519917582418	0.347222222222	0.316049382716	0.433390023324	0.000606060606061
CA_ACC_DON_GRE	2.5	5	6.0	SrelScore05	0.954081632653	0.881443298969	0.636974789916	0.887664473684	0.821428571429	0.59414893617	0.963917525773	0.674865831843	0.642857142857	0.877380952381	0.748148148148	0.789355573075	0.000606060606061
CA_ACC_DON_GRE	2.5	5	6.0	SOScore08	0.686224489796	0.693298969072	0.343697478992	0.464967105263	0.369897959184	0.387765957447	0.837628865979	0.351967799642	0.318681318681	0.506547619048	0.18950617284	0.468198521449	0.000606060606061
CA_ACC_DON_GRE	2.5	5	6.0	aaScore08	0.602040816327	0.463917525773	0.533613445378	0.360197368421	0.510204081633	0.509574468085	0.835051546392	0.538908765653	0.474587912088	0.641468253968	0.699691358025	0.560841412886	0.000606060606061
CA_ACC_DON_GRE	2.5	5	6.0	SO	0.65306122449	0.664948453608	0.341596638655	0.454276315789	0.367346938776	0.389361702128	0.824742268041	0.342576028623	0.326923076923	0.500595238095	0.193827160494	0.459932276875	0.000606060606061
CA_ACC_DON_GRE	2.5	5	6.0	GO	0.905612244898	0.708762886598	0.557142857143	0.535526315789	0.576530612245	0.476595744681	0.561855670103	0.531305903399	0.49793956044	0.575595238095	0.41049382716	0.576123714596	0.000606060606061
CA_ACC_DON_GRE	2.5	5	6.0	SOScore05	0.767857142857	0.75	0.359663865546	0.475164473684	0.385204081633	0.396276595745	0.822164948454	0.366055456172	0.306318681319	0.510515873016	0.17962962963	0.483531886187	0.000606060606061
CA_ACC_DON_GRE	2.5	5	6.0	Tanimoto	0.892857142857	0.768041237113	0.609243697479	0.887335526316	0.826530612245	0.606382978723	0.89175257732	0.666368515206	0.656593406593	0.872222222222	0.791666666667	0.769908598431	0.000606060606061
CA_GRE	3.0	5	6.0	aaScore05	0.59693877551	0.40206185567	0.537394957983	0.126480263158	0.591836734694	0.532978723404	0.618556701031	0.529069767442	0.418956043956	0.684920634921	0.681481481481	0.520061449023	0.0544444444444
CA_GRE	3.0	5	6.0	Srel	0.951530612245	0.865979381443	0.582773109244	0.584210526316	0.487244897959	0.579787234043	0.963917525773	0.700134168157	0.677197802198	0.895436507937	0.688888888889	0.725190968564	0.0544444444444
CA_GRE	3.0	5	6.0	SrelScore08	0.954081632653	0.886597938144	0.585714285714	0.584210526316	0.477040816327	0.568085106383	0.958762886598	0.700581395349	0.667582417582	0.891666666667	0.69012345679	0.724040648048	0.0544444444444
CA_GRE	3.0	5	6.0	RMSD	0.397959183673	0.515463917526	0.423529411765	0.510197368421	0.426020408163	0.49414893617	0.389175257732	0.504919499106	0.602335164835	0.312301587302	0.335185185185	0.446475992716	0.0544444444444
CA_GRE	3.0	5	6.0	SrelScore05	0.94387755102	0.932989690722	0.600840336134	0.580756578947	0.505102040816	0.590425531915	0.963917525773	0.682692307692	0.652472527473	0.883928571429	0.678086419753	0.72864446197	0.0544444444444
CA_GRE	3.0	5	6.0	SOScore08	0.760204081633	0.654639175258	0.366386554622	0.166118421053	0.130102040816	0.304255319149	0.845360824742	0.41457960644	0.294642857143	0.427380952381	0.153703703704	0.41067032154	0.0544444444444
CA_GRE	3.0	5	6.0	aaScore08	0.617346938776	0.5	0.588655462185	0.128125	0.591836734694	0.514893617021	0.649484536082	0.520348837209	0.424450549451	0.702777777778	0.69012345679	0.538912991817	0.0544444444444
CA_GRE	3.0	5	6.0	SO	0.757653061224	0.649484536082	0.365966386555	0.170888157895	0.130102040816	0.3	0.835051546392	0.413237924866	0.298076923077	0.423412698413	0.150308641975	0.408561992481	0.0544444444444
CA_GRE	3.0	5	6.0	GO	0.617346938776	0.829896907216	0.627731092437	0.441611842105	0.617346938776	0.460638297872	0.618556701031	0.513193202147	0.48282967033	0.511507936508	0.489814814815	0.564588576547	0.0544444444444
CA_GRE	3.0	5	6.0	SOScore05	0.770408163265	0.711340206186	0.359663865546	0.174835526316	0.142857142857	0.331382978723	0.829896907216	0.417933810376	0.300137362637	0.424007936508	0.174382716049	0.421531510516	0.0544444444444
CA_GRE	3.0	5	6.0	Tanimoto	0.951530612245	0.865979381443	0.582773109244	0.584210526316	0.487244897959	0.579787234043	0.963917525773	0.700134168157	0.677197802198	0.895436507937	0.688888888889	0.725190968564	0.0544444444444
ACC_DON	3.0	5	6.0	aaScore05	0.188775510204	0.159793814433	0.534453781513	0.432072368421	0.341836734694	0.419680851064	0.5	0.517889087657	0.473214285714	0.433333333333	0.642283950617	0.422121247059	0.000707070707071
ACC_DON	3.0	5	6.0	Srel	0.609693877551	0.768041237113	0.621848739496	0.922532894737	0.795918367347	0.643085106383	0.376288659794	0.61717352415	0.527472527473	0.693849206349	0.810185185185	0.671462665962	0.000707070707071
ACC_DON	3.0	5	6.0	SrelScore08	0.581632653061	0.760309278351	0.626050420168	0.924013157895	0.811224489796	0.63829787234	0.371134020619	0.616279069767	0.526098901099	0.698611111111	0.808024691358	0.669243242324	0.000707070707071
ACC_DON	3.0	5	6.0	RMSD	0.80612244898	0.824742268041	0.43487394958	0.568256578947	0.420918367347	0.516489361702	0.515463917526	0.438953488372	0.557005494505	0.503968253968	0.348456790123	0.539568265372	0.000707070707071
ACC_DON	3.0	5	6.0	SrelScore05	0.520408163265	0.770618556701	0.644537815126	0.91875	0.867346938776	0.615957446809	0.453608247423	0.633497316637	0.517857142857	0.705357142857	0.792592592593	0.676411942095	0.000707070707071
ACC_DON	3.0	5	6.0	SOScore08	0.206632653061	0.626288659794	0.386974789916	0.647203947368	0.813775510204	0.502127659574	0.298969072165	0.408542039356	0.411401098901	0.469841269841	0.227160493827	0.454447017637	0.000707070707071
ACC_DON	3.0	5	6.0	aaScore08	0.198979591837	0.170103092784	0.558823529412	0.434703947368	0.540816326531	0.447872340426	0.505154639175	0.535330948122	0.445054945055	0.484523809524	0.658641975309	0.452727740504	0.000707070707071
ACC_DON	3.0	5	6.0	SO	0.178571428571	0.634020618557	0.37731092437	0.655756578947	0.788265306122	0.48829787234	0.309278350515	0.402951699463	0.427884615385	0.460714285714	0.225	0.449822879999	0.000707070707071
ACC_DON	3.0	5	6.0	GO	0.510204081633	0.716494845361	0.616806722689	0.503782894737	0.84693877551	0.554255319149	0.430412371134	0.560599284436	0.486263736264	0.611111111111	0.520987654321	0.577986981486	0.000707070707071
ACC_DON	3.0	5	6.0	SOScore05	0.211734693878	0.618556701031	0.401260504202	0.606578947368	0.875	0.512765957447	0.298969072165	0.418604651163	0.438873626374	0.486507936508	0.233950617284	0.46389115522	0.000707070707071
ACC_DON	3.0	5	6.0	Tanimoto	0.609693877551	0.768041237113	0.621848739496	0.922532894737	0.795918367347	0.643085106383	0.376288659794	0.61717352415	0.527472527473	0.693849206349	0.810185185185	0.671462665962	0.000707070707071
CA_ACC_DON	3.0	5	6.0	aaScore05	0.0765306122449	0.489690721649	0.530672268908	0.349177631579	0.785714285714	0.46914893617	0.407216494845	0.474955277281	0.483516483516	0.520436507937	0.668827160494	0.477807852758	0.00292929292929
CA_ACC_DON	3.0	5	6.0	Srel	0.15306122449	0.703608247423	0.63487394958	0.867763157895	0.862244897959	0.71329787234	0.407216494845	0.617844364937	0.535714285714	0.683531746032	0.801234567901	0.634580982647	0.00292929292929
CA_ACC_DON	3.0	5	6.0	SrelScore08	0.173469387755	0.747422680412	0.648319327731	0.868421052632	0.857142857143	0.724468085106	0.396907216495	0.629248658318	0.525412087912	0.692063492063	0.802469135802	0.642303998306	0.00292929292929
CA_ACC_DON	3.0	5	6.0	RMSD	0.923469387755	0.440721649485	0.420168067227	0.622532894737	0.272959183673	0.396808510638	0.682989690722	0.490161001789	0.550824175824	0.422619047619	0.333950617284	0.50520038425	0.00292929292929
CA_ACC_DON	3.0	5	6.0	SrelScore05	0.255102040816	0.778350515464	0.675630252101	0.856743421053	0.831632653061	0.731914893617	0.337628865979	0.644230769231	0.556318681319	0.700396825397	0.801851851852	0.65180006999	0.00292929292929
CA_ACC_DON	3.0	5	6.0	SOScore08	0.0408163265306	0.628865979381	0.371428571429	0.528618421053	0.933673469388	0.50585106383	0.371134020619	0.402057245081	0.432692307692	0.455158730159	0.237654320988	0.446177314195	0.00292929292929
CA_ACC_DON	3.0	5	6.0	aaScore08	0.0867346938776	0.525773195876	0.558403361345	0.357072368421	0.770408163265	0.56170212766	0.345360824742	0.49217352415	0.467032967033	0.551984126984	0.672839506173	0.489953169048	0.00292929292929
CA_ACC_DON	3.0	5	6.0	SO	0.0382653061224	0.577319587629	0.359243697479	0.527138157895	0.948979591837	0.496276595745	0.381443298969	0.385286225403	0.434752747253	0.45496031746	0.232716049383	0.439671052289	0.00292929292929
CA_ACC_DON	3.0	5	6.0	GO	0.785714285714	0.55412371134	0.592857142857	0.534046052632	0.293367346939	0.65	0.463917525773	0.572227191413	0.492445054945	0.603571428571	0.555864197531	0.55437581252	0.00292929292929
CA_ACC_DON	3.0	5	6.0	SOScore05	0.0663265306122	0.69587628866	0.395798319328	0.527960526316	0.908163265306	0.544680851064	0.350515463918	0.445214669052	0.447802197802	0.465873015873	0.265740740741	0.464904715334	0.00292929292929
CA_ACC_DON	3.0	5	6.0	Tanimoto	0.15306122449	0.703608247423	0.63487394958	0.867763157895	0.862244897959	0.71329787234	0.407216494845	0.617844364937	0.535714285714	0.683531746032	0.801234567901	0.634580982647	0.00292929292929
ACC_DON_GRE	3.0	5	6.0	aaScore05	0.530612244898	0.170731707317	0.460526315789	nan	0.653298528714	0.547108565194	0.170103092784	0.477191413238	0.483516483516	0.415986394558	0.593518518519	nan	0.0
ACC_DON_GRE	3.0	5	6.0	Srel	0.581632653061	0.487804878049	0.414473684211	nan	0.972354057902	0.627995999273	0.682926829268	0.720168548748	0.694594594595	0.877777777778	0.846661627614	nan	0.0
ACC_DON_GRE	3.0	5	6.0	SrelScore08	0.576530612245	0.585365853659	0.447368421053	nan	0.972354057902	0.623758865248	0.756097560976	0.713327370304	0.713513513514	0.879591836735	0.840778533636	nan	0.0
ACC_DON_GRE	3.0	5	6.0	RMSD	0.410714285714	0.657216494845	0.496710526316	nan	0.315495965828	0.475818330606	0.719072164948	0.48203125	0.495879120879	0.549121315193	0.40937893676	nan	0.0
ACC_DON_GRE	3.0	5	6.0	SrelScore05	0.59693877551	0.780487804878	0.478991596639	nan	0.961438063598	0.602923258774	0.90243902439	0.721601073345	0.712225274725	0.881150793651	0.843795666415	nan	0.0
ACC_DON_GRE	3.0	5	6.0	SOScore08	0.158163265306	0.773195876289	0.335526315789	nan	0.396654010441	0.34804964539	0.682926829268	0.283094812165	0.305405405405	0.408078231293	0.137037037037	nan	0.0
ACC_DON_GRE	3.0	5	6.0	aaScore08	0.561224489796	0.34793814433	0.486842105263	nan	0.665638348363	0.519376250227	0.226804123711	0.495527728086	0.497252747253	0.444897959184	0.624691358025	nan	0.0
ACC_DON_GRE	3.0	5	6.0	SO	0.150510204082	0.780927835052	0.3125	nan	0.391551969625	0.360338243317	0.690721649485	0.275044722719	0.310810810811	0.391836734694	0.137962962963	nan	0.0
ACC_DON_GRE	3.0	5	6.0	GO	0.609693877551	0.792682926829	0.592105263158	nan	0.516492643569	0.457328605201	0.791237113402	0.564400715564	0.535027472527	0.597959183673	0.542901234568	nan	0.0
ACC_DON_GRE	3.0	5	6.0	SOScore05	0.183673469388	0.731958762887	0.394736842105	nan	0.369719981016	0.330319148936	0.765463917526	0.302501677102	0.305405405405	0.4554138322	0.153703703704	nan	0.0
ACC_DON_GRE	3.0	5	6.0	Tanimoto	0.581632653061	0.487804878049	0.414473684211	nan	0.972354057902	0.627995999273	0.682926829268	0.720168548748	0.694594594595	0.877777777778	0.846661627614	nan	0.0
CA_ACC_DON_GRE	3.0	5	6.0	aaScore05	0.765306122449	0.283505154639	0.553781512605	0.314473684211	0.357142857143	0.544680851064	0.613402061856	0.441860465116	0.526098901099	0.53373015873	0.65462962963	0.508055581686	0.000606060606061
CA_ACC_DON_GRE	3.0	5	6.0	Srel	0.923469387755	0.742268041237	0.668487394958	0.883388157895	0.647959183673	0.630319148936	0.969072164948	0.658094812165	0.64010989011	0.891666666667	0.825925925926	0.770978252206	0.000606060606061
CA_ACC_DON_GRE	3.0	5	6.0	SrelScore08	0.928571428571	0.742268041237	0.670588235294	0.891118421053	0.658163265306	0.639893617021	0.969072164948	0.660778175313	0.641483516484	0.89126984127	0.827777777778	0.774634953116	0.000606060606061
CA_ACC_DON_GRE	3.0	5	6.0	RMSD	0.0841836734694	0.639175257732	0.428991596639	0.661842105263	0.719387755102	0.422872340426	0.34793814433	0.513640429338	0.466346153846	0.437698412698	0.360185185185	0.462023732184	0.000606060606061
CA_ACC_DON_GRE	3.0	5	6.0	SrelScore05	0.938775510204	0.768041237113	0.671428571429	0.893421052632	0.642857142857	0.66914893617	0.958762886598	0.691860465116	0.649725274725	0.891468253968	0.820987654321	0.781497907739	0.000606060606061
CA_ACC_DON_GRE	3.0	5	6.0	SOScore08	0.75	0.628865979381	0.375210084034	0.455592105263	0.239795918367	0.412234042553	0.907216494845	0.334078711986	0.303571428571	0.507936507937	0.19012345679	0.464056793612	0.000606060606061
CA_ACC_DON_GRE	3.0	5	6.0	aaScore08	0.877551020408	0.350515463918	0.534453781513	0.304276315789	0.301020408163	0.556914893617	0.613402061856	0.460644007156	0.543956043956	0.552976190476	0.634567901235	0.520934371644	0.000606060606061
CA_ACC_DON_GRE	3.0	5	6.0	SO	0.711734693878	0.644329896907	0.368067226891	0.443914473684	0.239795918367	0.403191489362	0.907216494845	0.339221824687	0.302884615385	0.501785714286	0.193827160494	0.459633591708	0.000606060606061
CA_ACC_DON_GRE	3.0	5	6.0	GO	0.869897959184	0.693298969072	0.56512605042	0.559703947368	0.392857142857	0.504255319149	0.664948453608	0.565966010733	0.482142857143	0.584920634921	0.472530864198	0.577786200787	0.000606060606061
CA_ACC_DON_GRE	3.0	5	6.0	SOScore05	0.836734693878	0.621134020619	0.38025210084	0.453618421053	0.244897959184	0.411170212766	0.917525773196	0.351744186047	0.300137362637	0.526587301587	0.18024691358	0.47491354049	0.000606060606061
CA_ACC_DON_GRE	3.0	5	6.0	Tanimoto	0.923469387755	0.742268041237	0.668487394958	0.883388157895	0.647959183673	0.630319148936	0.969072164948	0.658094812165	0.64010989011	0.891666666667	0.825925925926	0.770978252206	0.000606060606061
CA_GRE	3.5	5	6.0	aaScore05	0.627551020408	0.438144329897	0.553781512605	0.136184210526	0.295918367347	0.537765957447	0.60824742268	0.496198568873	0.491758241758	0.644841269841	0.736419753086	0.506073695861	0.0544444444444
CA_GRE	3.5	5	6.0	Srel	0.964285714286	0.89175257732	0.600420168067	0.556414473684	0.479591836735	0.591489361702	0.979381443299	0.690518783542	0.663461538462	0.903373015873	0.715432098765	0.730556455612	0.0544444444444
CA_GRE	3.5	5	6.0	SrelScore08	0.959183673469	0.907216494845	0.610924369748	0.558223684211	0.492346938776	0.601063829787	0.969072164948	0.690742397138	0.660714285714	0.903174603175	0.716049382716	0.733519256775	0.0544444444444
CA_GRE	3.5	5	6.0	RMSD	0.390306122449	0.525773195876	0.446638655462	0.543092105263	0.670918367347	0.431914893617	0.337628865979	0.535778175313	0.561813186813	0.370833333333	0.271913580247	0.4624191347	0.0544444444444
CA_GRE	3.5	5	6.0	SrelScore05	0.946428571429	0.953608247423	0.631932773109	0.558223684211	0.548469387755	0.637234042553	0.969072164948	0.668604651163	0.660027472527	0.886111111111	0.72037037037	0.743643861509	0.0544444444444
CA_GRE	3.5	5	6.0	SOScore08	0.821428571429	0.731958762887	0.354201680672	0.146381578947	0.127551020408	0.286170212766	0.814432989691	0.381708407871	0.279532967033	0.421428571429	0.170061728395	0.412259681048	0.0544444444444
CA_GRE	3.5	5	6.0	aaScore08	0.622448979592	0.528350515464	0.570588235294	0.137335526316	0.352040816327	0.579787234043	0.680412371134	0.491502683363	0.464285714286	0.655158730159	0.74012345679	0.52927584207	0.0544444444444
CA_GRE	3.5	5	6.0	SO	0.829081632653	0.721649484536	0.340756302521	0.142763157895	0.109693877551	0.296276595745	0.819587628866	0.384838998211	0.276098901099	0.41626984127	0.173148148148	0.410014960772	0.0544444444444
CA_GRE	3.5	5	6.0	GO	0.510204081633	0.832474226804	0.616386554622	0.432565789474	0.760204081633	0.539361702128	0.670103092784	0.495527728086	0.499313186813	0.541865079365	0.487345679012	0.580486472941	0.0544444444444
CA_GRE	3.5	5	6.0	SOScore05	0.795918367347	0.711340206186	0.380672268908	0.162006578947	0.163265306122	0.310638297872	0.835051546392	0.377459749553	0.320054945055	0.425396825397	0.180555555556	0.42385087703	0.0544444444444
CA_GRE	3.5	5	6.0	Tanimoto	0.964285714286	0.89175257732	0.600420168067	0.556414473684	0.479591836735	0.591489361702	0.979381443299	0.690518783542	0.663461538462	0.903373015873	0.715432098765	0.730556455612	0.0544444444444
ACC_DON	3.5	5	6.0	aaScore05	0.0612244897959	0.417525773196	0.530672268908	0.403453947368	0.270408163265	0.4	0.412371134021	0.563282647585	0.520604395604	0.503571428571	0.585802469136	0.424446974314	0.000707070707071
ACC_DON	3.5	5	6.0	Srel	0.382653061224	0.724226804124	0.631512605042	0.923848684211	0.767857142857	0.668617021277	0.154639175258	0.616502683363	0.541208791209	0.674007936508	0.826543209877	0.628328828632	0.000707070707071
ACC_DON	3.5	5	6.0	SrelScore08	0.387755102041	0.698453608247	0.647899159664	0.924506578947	0.798469387755	0.679255319149	0.164948453608	0.624776386404	0.543956043956	0.681746031746	0.824691358025	0.634223402686	0.000707070707071
ACC_DON	3.5	5	6.0	RMSD	0.933673469388	0.569587628866	0.423109243697	0.596052631579	0.566326530612	0.554255319149	0.595360824742	0.391771019678	0.496565934066	0.495238095238	0.364197530864	0.544194384353	0.000707070707071
ACC_DON	3.5	5	6.0	SrelScore05	0.397959183673	0.657216494845	0.673529411765	0.924013157895	0.862244897959	0.685638297872	0.268041237113	0.629472271914	0.537087912088	0.686904761905	0.816358024691	0.648951422884	0.000707070707071
ACC_DON	3.5	5	6.0	SOScore08	0.0994897959184	0.548969072165	0.418067226891	0.623355263158	0.813775510204	0.508510638298	0.185567010309	0.411672629696	0.450549450549	0.436507936508	0.223456790123	0.429083756711	0.000707070707071
ACC_DON	3.5	5	6.0	aaScore08	0.0714285714286	0.479381443299	0.580672268908	0.404276315789	0.387755102041	0.43829787234	0.39175257732	0.580053667263	0.524725274725	0.500198412698	0.627160493827	0.453245636331	0.000707070707071
ACC_DON	3.5	5	6.0	SO	0.0841836734694	0.556701030928	0.402941176471	0.623190789474	0.788265306122	0.500531914894	0.175257731959	0.411896243292	0.447802197802	0.427976190476	0.222222222222	0.421906225192	0.000707070707071
ACC_DON	3.5	5	6.0	GO	0.517857142857	0.530927835052	0.584453781513	0.535032894737	0.788265306122	0.577659574468	0.548969072165	0.532647584973	0.464972527473	0.553571428571	0.55	0.562214286176	0.000707070707071
ACC_DON	3.5	5	6.0	SOScore05	0.140306122449	0.530927835052	0.434033613445	0.617434210526	0.854591836735	0.55	0.19587628866	0.414355992844	0.436126373626	0.44126984127	0.231481481481	0.440582145099	0.000707070707071
ACC_DON	3.5	5	6.0	Tanimoto	0.382653061224	0.724226804124	0.631512605042	0.923848684211	0.767857142857	0.668617021277	0.154639175258	0.616502683363	0.541208791209	0.674007936508	0.826543209877	0.628328828632	0.000707070707071
CA_ACC_DON	3.5	5	6.0	aaScore05	0.280612244898	0.520618556701	0.514705882353	0.350986842105	0.295918367347	0.402659574468	0.422680412371	0.48591234347	0.524038461538	0.533928571429	0.634259259259	0.451483683267	0.00292929292929
CA_ACC_DON	3.5	5	6.0	Srel	0.464285714286	0.561855670103	0.665546218487	0.867763157895	0.65306122449	0.704787234043	0.649484536082	0.647361359571	0.572802197802	0.671428571429	0.843518518519	0.663808582064	0.00292929292929
CA_ACC_DON	3.5	5	6.0	SrelScore08	0.469387755102	0.561855670103	0.668067226891	0.861513157895	0.637755102041	0.723936170213	0.634020618557	0.648255813953	0.563186813187	0.672817460317	0.838888888889	0.661789516104	0.00292929292929
CA_ACC_DON	3.5	5	6.0	RMSD	0.584183673469	0.203608247423	0.446218487395	0.617763157895	0.785714285714	0.550531914894	0.528350515464	0.501118067979	0.472527472527	0.451984126984	0.43487654321	0.506988772087	0.00292929292929
CA_ACC_DON	3.5	5	6.0	SrelScore05	0.484693877551	0.582474226804	0.668487394958	0.854934210526	0.607142857143	0.714361702128	0.590206185567	0.656976744186	0.565247252747	0.693253968254	0.824382716049	0.658378285083	0.00292929292929
CA_ACC_DON	3.5	5	6.0	SOScore08	0.142857142857	0.623711340206	0.361344537815	0.508059210526	0.755102040816	0.482978723404	0.502577319588	0.38282647585	0.410027472527	0.477182539683	0.216049382716	0.442065107817	0.00292929292929
CA_ACC_DON	3.5	5	6.0	aaScore08	0.372448979592	0.716494845361	0.542857142857	0.355427631579	0.239795918367	0.431914893617	0.448453608247	0.501341681574	0.539148351648	0.540079365079	0.593209876543	0.480106572224	0.00292929292929
CA_ACC_DON	3.5	5	6.0	SO	0.125	0.603092783505	0.352521008403	0.5125	0.767857142857	0.468085106383	0.497422680412	0.37186940966	0.414148351648	0.472817460317	0.209567901235	0.435898349493	0.00292929292929
CA_ACC_DON	3.5	5	6.0	GO	0.857142857143	0.786082474227	0.542857142857	0.510526315789	0.339285714286	0.620744680851	0.476804123711	0.568872987478	0.520604395604	0.593253968254	0.471604938272	0.571616327134	0.00292929292929
CA_ACC_DON	3.5	5	6.0	SOScore05	0.158163265306	0.649484536082	0.41218487395	0.514967105263	0.744897959184	0.503723404255	0.520618556701	0.401162790698	0.415521978022	0.503373015873	0.232716049383	0.459710321338	0.00292929292929
CA_ACC_DON	3.5	5	6.0	Tanimoto	0.464285714286	0.561855670103	0.665546218487	0.867763157895	0.65306122449	0.704787234043	0.649484536082	0.647361359571	0.572802197802	0.671428571429	0.843518518519	0.663808582064	0.00292929292929
ACC_DON_GRE	3.5	5	6.0	aaScore05	0.489795918367	0.1	0.472972972973	nan	0.780468525438	0.533024186216	0.658536585366	0.5171875	0.549450549451	0.326984126984	0.541358024691	nan	0.0
ACC_DON_GRE	3.5	5	6.0	Srel	0.698979591837	0.2	0.450657894737	nan	0.975711411325	0.650531914894	0.926829268293	0.718722048301	0.724587912088	0.877847805789	0.859567901235	nan	0.0
ACC_DON_GRE	3.5	5	6.0	SrelScore08	0.714285714286	0.25	0.463865546218	nan	0.968669157804	0.655319148936	0.951219512195	0.73592072898	0.723901098901	0.875566893424	0.858641975309	nan	0.0
ACC_DON_GRE	3.5	5	6.0	RMSD	0.321428571429	0.8	0.447368421053	nan	0.20692009198	0.457933260593	0.268292682927	0.440130254919	0.39010989011	0.655300453515	0.476543209877	nan	0.0
ACC_DON_GRE	3.5	5	6.0	SrelScore05	0.760204081633	0.4	0.472972972973	nan	0.963567116988	0.65	0.958762886598	0.75	0.751351351351	0.873979591837	0.842574437182	nan	0.0
ACC_DON_GRE	3.5	5	6.0	SOScore08	0.252551020408	0.873711340206	0.342105263158	nan	0.344423684967	0.34414893617	0.734536082474	0.25939177102	0.327027027027	0.372590702948	0.124691358025	nan	0.0
ACC_DON_GRE	3.5	5	6.0	aaScore08	0.632653061224	0.2	0.547297297297	nan	0.797211842483	0.541553009638	0.731707317073	0.54897137746	0.589189189189	0.329988662132	0.53024691358	nan	0.0
ACC_DON_GRE	3.5	5	6.0	SO	0.242346938776	0.850515463918	0.319078947368	nan	0.349525725783	0.339361702128	0.707317073171	0.258497316637	0.28228021978	0.362414965986	0.126543209877	nan	0.0
ACC_DON_GRE	3.5	5	6.0	GO	0.714285714286	0.95	0.644736842105	nan	0.414558781259	0.540480087289	0.796391752577	0.582737030411	0.54739010989	0.587386621315	0.507930209121	nan	0.0
ACC_DON_GRE	3.5	5	6.0	SOScore05	0.303571428571	0.884020618557	0.368421052632	nan	0.300445530325	0.339893617021	0.79381443299	0.281082289803	0.335164835165	0.401785714286	0.141975308642	nan	0.0
ACC_DON_GRE	3.5	5	6.0	Tanimoto	0.698979591837	0.2	0.450657894737	nan	0.968669157804	0.650531914894	0.926829268293	0.718722048301	0.724587912088	0.877847805789	0.859567901235	nan	0.0
CA_ACC_DON_GRE	3.5	5	6.0	aaScore05	0.5	0.319587628866	0.492857142857	0.326644736842	0.510204081633	0.513829787234	0.40206185567	0.486135957066	0.558379120879	0.510317460317	0.682098765432	0.482010594254	0.000606060606061
CA_ACC_DON_GRE	3.5	5	6.0	Srel	0.938775510204	0.75	0.689495798319	0.889144736842	0.770408163265	0.709042553191	0.963917525773	0.674865831843	0.656593406593	0.907341269841	0.852160493827	0.8001586627	0.000606060606061
CA_ACC_DON_GRE	3.5	5	6.0	SrelScore08	0.948979591837	0.752577319588	0.69243697479	0.893092105263	0.780612244898	0.707446808511	0.958762886598	0.6771019678	0.653846153846	0.90753968254	0.846296296296	0.801699275633	0.000606060606061
CA_ACC_DON_GRE	3.5	5	6.0	RMSD	0.168367346939	0.644329896907	0.449159663866	0.662171052632	0.520408163265	0.452659574468	0.548969072165	0.501118067979	0.407967032967	0.446428571429	0.342592592593	0.467651912292	0.000606060606061
CA_ACC_DON_GRE	3.5	5	6.0	SrelScore05	0.984693877551	0.747422680412	0.695378151261	0.898519736842	0.785714285714	0.721276595745	0.958762886598	0.696779964222	0.660714285714	0.896626984127	0.827160493827	0.806640903819	0.000606060606061
CA_ACC_DON_GRE	3.5	5	6.0	SOScore08	0.770408163265	0.574742268041	0.347058823529	0.415953947368	0.339285714286	0.43829787234	0.860824742268	0.354874776386	0.308379120879	0.481746031746	0.16975308642	0.460120413321	0.000606060606061
CA_ACC_DON_GRE	3.5	5	6.0	aaScore08	0.744897959184	0.340206185567	0.537394957983	0.312171052632	0.479591836735	0.531914893617	0.417525773196	0.505366726297	0.590659340659	0.531746031746	0.668827160494	0.514572901646	0.000606060606061
CA_ACC_DON_GRE	3.5	5	6.0	SO	0.739795918367	0.559278350515	0.347058823529	0.4125	0.354591836735	0.420744680851	0.824742268041	0.358676207513	0.299450549451	0.484325396825	0.167592592593	0.451705147675	0.000606060606061
CA_ACC_DON_GRE	3.5	5	6.0	GO	0.93112244898	0.582474226804	0.580672268908	0.538157894737	0.507653061224	0.578723404255	0.618556701031	0.523032200358	0.517857142857	0.557738095238	0.425	0.578271585854	0.000606060606061
CA_ACC_DON_GRE	3.5	5	6.0	SOScore05	0.841836734694	0.590206185567	0.376470588235	0.423026315789	0.334183673469	0.448936170213	0.90206185567	0.356887298748	0.307692307692	0.499603174603	0.167901234568	0.477164139932	0.000606060606061
CA_ACC_DON_GRE	3.5	5	6.0	Tanimoto	0.938775510204	0.75	0.689495798319	0.889144736842	0.770408163265	0.709042553191	0.963917525773	0.674865831843	0.656593406593	0.907341269841	0.852160493827	0.8001586627	0.000606060606061
