Atomtypes	Cuttoff	Ncliques	Distance	Median(Score)	LDA	SUC	SAM	LLP	U5P	1PE	PMP	GSH	PLM	BOG	Mean	Percent
CA_ACC_DON_GRE	1.5	5	6.0	aaScore05	0.490432098765	0.422530864198	0.506635802469	0.587345679012	0.490740740741	0.515200617284	0.510648148148	0.372222222222	0.551466049383	0.472916666667	0.492013888889	0.0
CA_ACC_DON_GRE	1.5	5	6.0	Srel	0.703163580247	0.609413580247	0.740277777778	0.891975308642	0.721296296296	0.692669753086	0.901929012346	0.941049382716	0.648302469136	0.61712962963	0.746720679012	0.0
CA_ACC_DON_GRE	1.5	5	6.0	SrelScore08	0.719521604938	0.631790123457	0.737808641975	0.893981481481	0.704861111111	0.699382716049	0.900385802469	0.943518518519	0.65462962963	0.613117283951	0.749899691358	0.0
CA_ACC_DON_GRE	1.5	5	6.0	RMSD	0.462191358025	0.527546296296	0.436111111111	0.333564814815	0.539583333333	0.46774691358	0.428395061728	0.583410493827	0.404166666667	0.54899691358	0.473171296296	0.0
CA_ACC_DON_GRE	1.5	5	6.0	SrelScore05	0.721836419753	0.646759259259	0.741512345679	0.886574074074	0.651157407407	0.689737654321	0.894675925926	0.947222222222	0.667052469136	0.594135802469	0.744066358025	0.0
CA_ACC_DON_GRE	1.5	5	6.0	SOScore08	0.64174382716	0.585108024691	0.660262345679	0.738580246914	0.705787037037	0.652932098765	0.835030864198	0.955555555556	0.550231481481	0.492824074074	0.681805555556	0.0
CA_ACC_DON_GRE	1.5	5	6.0	aaScore08	0.520524691358	0.45200617284	0.549228395062	0.646141975309	0.465972222222	0.526388888889	0.544984567901	0.40625	0.591203703704	0.45362654321	0.515632716049	0.0
CA_ACC_DON_GRE	1.5	5	6.0	SO	0.631327160494	0.568981481481	0.659104938272	0.729783950617	0.718132716049	0.649614197531	0.8375	0.955555555556	0.545293209877	0.496219135802	0.679151234568	0.0
CA_ACC_DON_GRE	1.5	5	6.0	GO	0.584413580247	0.570524691358	0.643595679012	0.698765432099	0.405169753086	0.517901234568	0.707175925926	0.624691358025	0.593672839506	0.483487654321	0.582939814815	0.0
CA_ACC_DON_GRE	1.5	5	6.0	SOScore05	0.635339506173	0.577237654321	0.67137345679	0.755092592593	0.666666666667	0.646836419753	0.836188271605	0.952314814815	0.577469135802	0.464891975309	0.678341049383	0.0
CA_ACC_DON_GRE	1.5	5	6.0	Tanimoto	0.703163580247	0.609413580247	0.740277777778	0.891975308642	0.721296296296	0.692669753086	0.901929012346	0.941049382716	0.648302469136	0.61712962963	0.746720679012	0.0
CA_ACC_DON_GRE	2.0	5	6.0	aaScore05	0.462885802469	0.383641975309	0.509722222222	0.462114197531	0.535570987654	0.425848765432	0.355632716049	0.194830246914	0.444058641975	0.470833333333	0.424513888889	0.0
CA_ACC_DON_GRE	2.0	5	6.0	Srel	0.708410493827	0.544521604938	0.789583333333	0.921450617284	0.67700617284	0.646219135802	0.927314814815	0.932098765432	0.644907407407	0.563271604938	0.735478395062	0.0
CA_ACC_DON_GRE	2.0	5	6.0	SrelScore08	0.710185185185	0.561651234568	0.782098765432	0.920216049383	0.660725308642	0.652391975309	0.929475308642	0.929938271605	0.662037037037	0.557098765432	0.736581790123	0.0
CA_ACC_DON_GRE	2.0	5	6.0	RMSD	0.506790123457	0.597762345679	0.444598765432	0.473765432099	0.513271604938	0.547299382716	0.577160493827	0.795138888889	0.479398148148	0.544058641975	0.547924382716	0.0
CA_ACC_DON_GRE	2.0	5	6.0	SrelScore05	0.71350308642	0.59112654321	0.757098765432	0.918672839506	0.610802469136	0.641666666667	0.931558641975	0.925308641975	0.703395061728	0.541280864198	0.733441358025	0.0
CA_ACC_DON_GRE	2.0	5	6.0	SOScore08	0.581172839506	0.50987654321	0.682407407407	0.782716049383	0.68287037037	0.591666666667	0.873225308642	0.941820987654	0.583101851852	0.44637345679	0.667523148148	0.0
CA_ACC_DON_GRE	2.0	5	6.0	aaScore08	0.484645061728	0.393287037037	0.543672839506	0.505864197531	0.489891975309	0.445138888889	0.405015432099	0.203163580247	0.493827160494	0.465046296296	0.442955246914	0.0
CA_ACC_DON_GRE	2.0	5	6.0	SO	0.581635802469	0.506095679012	0.682175925926	0.780709876543	0.691512345679	0.588271604938	0.874614197531	0.943981481481	0.569135802469	0.453549382716	0.667168209877	0.0
CA_ACC_DON_GRE	2.0	5	6.0	GO	0.602469135802	0.667901234568	0.600154320988	0.637962962963	0.453009259259	0.554706790123	0.741898148148	0.632098765432	0.707484567901	0.417592592593	0.601527777778	0.0
CA_ACC_DON_GRE	2.0	5	6.0	SOScore05	0.585030864198	0.534953703704	0.685030864198	0.786574074074	0.661265432099	0.578009259259	0.874768518519	0.940586419753	0.621604938272	0.435339506173	0.670316358025	0.0
CA_ACC_DON_GRE	2.0	5	6.0	Tanimoto	0.708410493827	0.544521604938	0.789583333333	0.921450617284	0.67700617284	0.646219135802	0.927314814815	0.932098765432	0.644907407407	0.563271604938	0.735478395062	0.0
CA_ACC_DON_GRE	2.5	5	6.0	aaScore05	0.406481481481	0.41412037037	0.342824074074	0.39799382716	0.485648148148	0.479938271605	0.236574074074	0.109336419753	0.45	0.429089506173	0.375200617284	0.0
CA_ACC_DON_GRE	2.5	5	6.0	Srel	0.67075617284	0.592978395062	0.811111111111	0.942283950617	0.679783950617	0.677391975309	0.926697530864	0.914969135802	0.647916666667	0.550231481481	0.741412037037	0.0
CA_ACC_DON_GRE	2.5	5	6.0	SrelScore08	0.683796296296	0.605632716049	0.805555555556	0.944135802469	0.679089506173	0.682638888889	0.925462962963	0.916975308642	0.666820987654	0.549614197531	0.745972222222	0.0
CA_ACC_DON_GRE	2.5	5	6.0	RMSD	0.532484567901	0.527314814815	0.649691358025	0.543055555556	0.538811728395	0.444212962963	0.718518518519	0.892901234568	0.449228395062	0.598070987654	0.589429012346	0.0
CA_ACC_DON_GRE	2.5	5	6.0	SrelScore05	0.709953703704	0.625462962963	0.788271604938	0.941975308642	0.648919753086	0.679398148148	0.930401234568	0.918595679012	0.731481481481	0.549845679012	0.752430555556	0.0
CA_ACC_DON_GRE	2.5	5	6.0	SOScore08	0.573611111111	0.527469135802	0.677469135802	0.794521604938	0.667901234568	0.564969135802	0.89012345679	0.931481481481	0.618132716049	0.376388888889	0.662206790123	0.0
CA_ACC_DON_GRE	2.5	5	6.0	aaScore08	0.440740740741	0.459722222222	0.346604938272	0.431558641975	0.467438271605	0.537114197531	0.266280864198	0.101388888889	0.505092592593	0.406327160494	0.396226851852	0.0
CA_ACC_DON_GRE	2.5	5	6.0	SO	0.575385802469	0.520679012346	0.67700617284	0.794367283951	0.674614197531	0.55625	0.888657407407	0.931867283951	0.601311728395	0.375308641975	0.659544753086	0.0
CA_ACC_DON_GRE	2.5	5	6.0	GO	0.632407407407	0.663348765432	0.590895061728	0.625308641975	0.476697530864	0.560570987654	0.760416666667	0.69637345679	0.68950617284	0.494367283951	0.618989197531	0.0
CA_ACC_DON_GRE	2.5	5	6.0	SOScore05	0.600540123457	0.548148148148	0.675771604938	0.796064814815	0.668055555556	0.589351851852	0.88225308642	0.930555555556	0.649382716049	0.391203703704	0.673132716049	0.0
CA_ACC_DON_GRE	2.5	5	6.0	Tanimoto	0.67075617284	0.592978395062	0.811111111111	0.942283950617	0.679783950617	0.677391975309	0.926697530864	0.914969135802	0.647916666667	0.550231481481	0.741412037037	0.0
CA_ACC_DON_GRE	3.0	5	6.0	aaScore05	0.434104938272	0.38024691358	0.344212962963	0.334567901235	0.440432098765	0.497299382716	0.206404320988	0.112191358025	0.416898148148	0.495138888889	0.366149691358	0.0
CA_ACC_DON_GRE	3.0	5	6.0	Srel	0.672530864198	0.573533950617	0.815740740741	0.951929012346	0.678472222222	0.663888888889	0.93587962963	0.912037037037	0.674922839506	0.484336419753	0.736327160494	0.0
CA_ACC_DON_GRE	3.0	5	6.0	SrelScore08	0.684645061728	0.59012345679	0.810339506173	0.951697530864	0.674459876543	0.662268518519	0.938117283951	0.914660493827	0.686728395062	0.483024691358	0.739606481481	0.0
CA_ACC_DON_GRE	3.0	5	6.0	RMSD	0.522299382716	0.547222222222	0.648842592593	0.628086419753	0.564969135802	0.505169753086	0.768518518519	0.899382716049	0.495601851852	0.523533950617	0.610362654321	0.0
CA_ACC_DON_GRE	3.0	5	6.0	SrelScore05	0.71087962963	0.623148148148	0.791666666667	0.948302469136	0.668518518519	0.655555555556	0.941898148148	0.919984567901	0.714891975309	0.482793209877	0.745763888889	0.0
CA_ACC_DON_GRE	3.0	5	6.0	SOScore08	0.585725308642	0.568132716049	0.66512345679	0.792283950617	0.690663580247	0.581558641975	0.891898148148	0.93287037037	0.590972222222	0.362191358025	0.666141975309	0.0
CA_ACC_DON_GRE	3.0	5	6.0	aaScore08	0.452700617284	0.43125	0.34837962963	0.345293209877	0.438966049383	0.499614197531	0.217283950617	0.0986111111111	0.490509259259	0.484799382716	0.380740740741	0.0
CA_ACC_DON_GRE	3.0	5	6.0	SO	0.574614197531	0.55524691358	0.666898148148	0.790432098765	0.688888888889	0.58325617284	0.891666666667	0.932021604938	0.589583333333	0.36412037037	0.663672839506	0.0
CA_ACC_DON_GRE	3.0	5	6.0	GO	0.603163580247	0.660262345679	0.589197530864	0.634104938272	0.51712962963	0.522762345679	0.739583333333	0.706635802469	0.712577160494	0.474845679012	0.616026234568	0.0
CA_ACC_DON_GRE	3.0	5	6.0	SOScore05	0.620524691358	0.590354938272	0.661033950617	0.785030864198	0.679706790123	0.576388888889	0.88587962963	0.92762345679	0.61087962963	0.364969135802	0.670239197531	0.0
CA_ACC_DON_GRE	3.0	5	6.0	Tanimoto	0.672530864198	0.573533950617	0.815740740741	0.951929012346	0.678472222222	0.663888888889	0.93587962963	0.912037037037	0.674922839506	0.484336419753	0.736327160494	0.0
CA_ACC_DON_GRE	3.5	5	6.0	aaScore05	0.428163580247	0.418518518519	0.287191358025	0.254398148148	0.528163580247	0.4375	0.212114197531	0.150462962963	0.437114197531	0.47862654321	0.363225308642	0.0
CA_ACC_DON_GRE	3.5	5	6.0	Srel	0.677314814815	0.611111111111	0.799614197531	0.959567901235	0.658641975309	0.66774691358	0.94799382716	0.901234567901	0.693981481481	0.490740740741	0.740794753086	0.0
CA_ACC_DON_GRE	3.5	5	6.0	SrelScore08	0.687885802469	0.630555555556	0.799691358025	0.959722222222	0.660030864198	0.668441358025	0.946604938272	0.901851851852	0.709722222222	0.492901234568	0.745740740741	0.0
CA_ACC_DON_GRE	3.5	5	6.0	RMSD	0.509259259259	0.532407407407	0.742824074074	0.741975308642	0.488657407407	0.549305555556	0.794444444444	0.892592592593	0.440740740741	0.587731481481	0.62799382716	0.0
CA_ACC_DON_GRE	3.5	5	6.0	SrelScore05	0.703858024691	0.672299382716	0.78649691358	0.955555555556	0.651466049383	0.662345679012	0.942515432099	0.906635802469	0.76087962963	0.487962962963	0.75300154321	0.0
CA_ACC_DON_GRE	3.5	5	6.0	SOScore08	0.590586419753	0.556481481481	0.637731481481	0.762808641975	0.67700617284	0.566358024691	0.89012345679	0.920293209877	0.619830246914	0.362037037037	0.658325617284	0.0
CA_ACC_DON_GRE	3.5	5	6.0	aaScore08	0.462422839506	0.438888888889	0.26149691358	0.248765432099	0.515817901235	0.441512345679	0.210339506173	0.120061728395	0.515200617284	0.434027777778	0.364853395062	0.0
CA_ACC_DON_GRE	3.5	5	6.0	SO	0.57399691358	0.546219135802	0.636265432099	0.758564814815	0.688580246914	0.559027777778	0.889429012346	0.918209876543	0.614197530864	0.361033950617	0.654552469136	0.0
CA_ACC_DON_GRE	3.5	5	6.0	GO	0.608719135802	0.637268518519	0.593441358025	0.675848765432	0.429320987654	0.540663580247	0.717361111111	0.708179012346	0.714814814815	0.445679012346	0.60712962963	0.0
CA_ACC_DON_GRE	3.5	5	6.0	SOScore05	0.625771604938	0.574074074074	0.640972222222	0.765432098765	0.65362654321	0.586188271605	0.887037037037	0.911033950617	0.647916666667	0.355015432099	0.664706790123	0.0
CA_ACC_DON_GRE	3.5	5	6.0	Tanimoto	0.677314814815	0.611111111111	0.799614197531	0.959567901235	0.658641975309	0.66774691358	0.94799382716	0.901234567901	0.693981481481	0.490740740741	0.740794753086	0.0
