r	c	r*c	e	time
1	1	1	1	23
1	2	2	1	8
1	3	3	1	7
1	4	4	3	10
1	5	5	2	9
1	6	6	6	13
1	7	7	2	10
1	8	8	6	13
1	9	9	3	11
1	10	10	5	13
1	11	11	7	14
1	12	12	7	15
1	13	13	7	15
1	14	14	9	17
1	15	15	7	15
1	16	16	6	15
1	17	17	8	16
1	18	18	12	20
1	19	19	9	18
1	20	20	11	20
1	21	21	10	19
1	22	22	10	20
1	23	23	14	22
1	24	24	11	21
1	25	25	12	21
1	26	26	14	23
1	27	27	14	23
1	28	28	16	24
1	29	29	14	23
1	30	30	16	25
1	31	31	17	27
1	32	32	20	28
1	33	33	17	27
1	34	34	23	30
1	35	35	21	30
1	36	36	20	29
1	37	37	18	29
1	38	38	21	30
1	39	39	17	28
1	40	40	20	30
1	41	41	21	31
1	42	42	20	31
1	43	43	21	32
1	44	44	13	27
1	45	45	21	32
1	46	46	20	32
1	47	47	28	36
1	48	48	22	33
1	49	49	23	34
2	1	2	1	12
2	2	4	0	10
2	3	6	2	18
2	4	8	4	24
2	5	10	6	32
2	6	12	8	37
2	7	14	6	32
2	8	16	8	41
2	9	18	7	37
2	10	20	5	33
2	11	22	11	52
2	12	24	11	50
2	13	26	18	74
2	14	28	13	59
2	15	30	19	77
2	16	32	20	134
2	17	34	19	79
2	18	36	21	84
2	19	38	19	82
2	20	40	17	77
2	21	42	22	146
2	22	44	26	100
2	23	46	27	143
2	24	48	26	161
2	25	50	23	141
2	26	52	29	163
2	27	54	27	193
2	28	56	32	146
2	29	58	24	160
2	30	60	22	138
2	31	62	31	118
2	32	64	33	196
2	33	66	26	148
2	34	68	34	136
2	35	70	33	127
2	36	72	37	126
2	37	74	28	132
2	38	76	42	147
2	39	78	31	115
2	40	80	43	145
2	41	82	46	150
2	42	84	49	157
2	43	86	46	153
2	44	88	42	145
2	45	90	41	142
2	46	92	41	142
2	47	94	46	156
2	48	96	45	154
2	49	98	47	159
3	1	3	3	30
3	2	6	3	31
3	3	9	3	33
3	4	12	8	65
3	5	15	8	66
3	6	18	4	43
3	7	21	11	86
3	8	24	15	111
3	9	27	12	97
3	10	30	10	86
3	11	33	15	116
3	12	36	24	148
3	13	39	21	134
3	14	42	22	140
3	15	45	25	158
3	16	48	27	170
3	17	51	23	150
3	18	54	22	149
3	19	57	31	192
3	20	60	34	206
3	21	63	28	180
3	22	66	38	226
3	23	69	30	193
3	24	72	29	189
3	25	75	29	189
3	26	78	33	210
3	27	81	40	243
3	28	84	46	269
3	29	87	43	256
3	30	90	36	227
3	31	93	45	272
3	32	96	44	267
3	33	99	47	283
3	34	102	43	262
3	35	105	56	400
3	36	108	58	392
3	37	111	53	362
3	38	114	52	356
3	39	117	59	387
3	40	120	67	429
3	41	123	67	434
3	42	126	66	392
3	43	129	62	370
3	44	132	65	422
3	45	135	63	557
3	46	138	66	639
3	47	141	72	723
3	48	144	80	577
3	49	147	80	520
4	1	4	4	57
4	2	8	3	48
4	3	12	6	73
4	4	16	3	53
4	5	20	9	122
4	6	24	10	133
4	7	28	12	162
4	8	32	19	233
4	9	36	15	212
4	10	40	18	409
4	11	44	18	327
4	12	48	20	245
4	13	52	28	353
4	14	56	28	346
4	15	60	25	296
4	16	64	37	397
4	17	68	35	361
4	18	72	35	364
4	19	76	35	389
4	20	80	36	547
4	21	84	34	373
4	22	88	40	441
4	23	92	50	516
4	24	96	42	451
4	25	100	49	543
4	26	104	52	513
4	27	108	53	531
4	28	112	63	603
4	29	116	51	518
4	30	120	50	515
4	31	124	63	614
4	32	128	66	618
4	33	132	60	590
4	34	136	63	621
4	35	140	81	771
4	36	144	74	716
4	37	148	72	687
4	38	152	81	737
4	39	156	71	711
4	40	160	77	754
4	41	164	76	743
4	42	168	78	760
4	43	172	92	850
4	44	176	86	820
4	45	180	107	945
4	46	184	91	902
4	47	188	99	981
4	48	192	97	933
4	49	196	94	912
5	1	5	4	65
5	2	10	7	111
5	3	15	9	142
5	4	20	11	172
5	5	25	14	209
5	6	30	14	227
5	7	35	24	354
5	8	40	20	316
5	9	45	25	371
5	10	50	27	393
5	11	55	23	372
5	12	60	31	477
5	13	65	23	377
5	14	70	33	486
5	15	75	39	568
5	16	80	33	510
5	17	85	37	558
5	18	90	45	634
5	19	95	42	639
5	20	100	42	652
5	21	105	61	815
5	22	110	53	772
5	23	115	43	653
5	24	120	55	797
5	25	125	68	956
5	26	130	69	957
5	27	135	69	966
5	28	140	60	882
5	29	145	68	979
5	30	150	73	1056
5	31	155	84	1188
5	32	160	77	1102
5	33	165	86	1227
5	34	170	86	1224
5	35	175	83	1208
5	36	180	89	1219
5	37	185	94	1348
5	38	190	93	1311
5	39	195	91	1303
5	40	200	100	1375
5	41	205	104	1451
5	42	210	104	1479
5	43	215	116	1571
5	44	220	117	1591
5	45	225	124	1693
5	46	230	122	1711
5	47	235	118	1626
5	48	240	118	1626
5	49	245	111	1625
6	1	6	1	41
6	2	12	4	107
6	3	18	7	157
6	4	24	10	233
6	5	30	13	273
6	6	36	19	418
6	7	42	19	405
6	8	48	25	526
6	9	54	29	606
6	10	60	27	573
6	11	66	31	669
6	12	72	36	753
6	13	78	38	782
6	14	84	42	848
6	15	90	44	869
6	16	96	46	934
6	17	102	44	901
6	18	108	48	985
6	19	114	53	1062
6	20	120	54	1100
6	21	126	58	1142
6	22	132	67	1322
6	23	138	74	1456
6	24	144	65	1335
6	25	150	81	1676
6	26	156	73	1461
6	27	162	84	1631
6	28	168	85	1617
6	29	174	86	1689
6	30	180	83	1662
6	31	186	95	1890
6	32	192	89	1778
6	33	198	89	1776
6	34	204	97	1892
6	35	210	115	2108
6	36	216	115	2222
6	37	222	111	2089
6	38	228	111	2110
6	39	234	106	2126
6	40	240	128	2581
6	41	246	131	2487
6	42	252	122	2549
6	43	258	131	3055
6	44	264	124	2386
6	45	270	136	2606
6	46	276	139	2611
6	47	282	131	2712
6	48	288	141	2706
6	49	294	136	2675
7	1	7	4	112
7	2	14	5	167
7	3	21	10	285
7	4	28	16	391
7	5	35	20	545
7	6	42	20	535
7	7	49	21	606
7	8	56	29	756
7	9	63	31	812
7	10	70	34	954
7	11	77	45	1146
7	12	84	42	1063
7	13	91	49	1251
7	14	98	48	1287
7	15	105	49	1480
7	16	112	70	1718
7	17	119	50	1344
7	18	126	61	1553
7	19	133	76	1874
7	20	140	60	1631
7	21	147	76	1961
7	22	154	82	2040
7	23	161	94	2319
7	24	168	92	2275
7	25	175	80	2082
7	26	182	76	2027
7	27	189	90	2309
7	28	196	94	2662
7	29	203	99	2527
7	30	210	109	2777
7	31	217	108	2726
7	32	224	117	2859
7	33	231	105	2711
7	34	238	117	2920
7	35	245	111	2858
7	36	252	113	2969
7	37	259	125	3083
7	38	266	152	3635
7	39	273	153	3696
7	40	280	145	3850
7	41	287	138	3705
7	42	294	142	3649
7	43	301	148	3712
7	44	308	154	3874
7	45	315	160	3914
7	46	322	163	4096
7	47	329	150	3890
7	48	336	164	4066
7	49	343	168	4175
8	1	8	1	66
8	2	16	8	265
8	3	24	10	384
8	4	32	14	544
8	5	40	18	685
8	6	48	21	827
8	7	56	31	1000
8	8	64	37	1157
8	9	72	39	1223
8	10	80	36	1236
8	11	88	48	1484
8	12	96	43	1487
8	13	104	45	1519
8	14	112	63	1980
8	15	120	73	2209
8	16	128	62	2005
8	17	136	67	2167
8	18	144	69	2244
8	19	152	78	2441
8	20	160	85	2682
8	21	168	73	2387
8	22	176	81	2694
8	23	184	87	2791
8	24	192	106	3329
8	25	200	109	3470
8	26	208	101	3165
8	27	216	111	3457
8	28	224	132	4082
8	29	232	127	3837
8	30	240	119	3751
8	31	248	132	4064
8	32	256	131	4135
8	33	264	138	4124
8	34	272	128	4164
8	35	280	107	3682
8	36	288	135	4784
8	37	296	150	4837
8	38	304	146	4591
8	39	312	152	4932
8	40	320	156	5038
8	41	328	153	4919
8	42	336	161	5141
8	43	344	164	5335
8	44	352	182	5980
8	45	360	179	5726
8	46	368	172	5380
8	47	376	178	5685
8	48	384	183	5726
8	49	392	190	6056
9	1	9	4	176
9	2	18	3	178
9	3	27	15	569
9	4	36	12	524
9	5	45	20	837
9	6	54	30	1160
9	7	63	36	1374
9	8	72	35	1342
9	9	81	44	1651
9	10	90	44	1946
9	11	99	56	2164
9	12	108	58	2354
9	13	117	53	2183
9	14	126	71	2679
9	15	135	75	2754
9	16	144	68	2675
9	17	153	82	3595
9	18	162	81	4230
9	19	171	89	3960
9	20	180	81	3491
9	21	189	97	3996
9	22	198	106	3978
9	23	207	104	4002
9	24	216	103	4023
9	25	225	110	4385
9	26	234	110	4433
9	27	243	131	4852
9	28	252	127	4817
9	29	261	130	5014
9	30	270	133	4994
9	31	279	144	5529
9	32	288	134	5331
9	33	297	159	5829
9	34	306	152	5860
9	35	315	145	5776
9	36	324	166	6406
9	37	333	172	6756
9	38	342	176	6829
9	39	351	173	6587
9	40	360	177	6739
9	41	369	191	6995
9	42	378	194	7272
9	43	387	203	7559
9	44	396	199	7622
9	45	405	192	7517
9	46	414	205	7861
9	47	423	203	7919
9	48	432	217	8332
9	49	441	212	8061
10	1	10	5	280
10	2	20	7	406
10	3	30	14	687
10	4	40	25	1090
10	5	50	25	1191
10	6	60	31	1412
10	7	70	33	1677
10	8	80	38	1820
10	9	90	47	2116
10	10	100	49	2336
10	11	110	53	2492
10	12	120	65	2918
10	13	130	62	3061
10	14	140	59	2883
10	15	150	74	3352
10	16	160	94	3913
10	17	170	93	4036
10	18	180	82	3934
10	19	190	102	4616
10	20	200	104	4667
10	21	210	82	4160
10	22	220	115	5177
10	23	230	120	5532
10	24	240	110	5114
10	25	250	137	6191
10	26	260	138	5887
10	27	270	140	6097
10	28	280	148	6393
10	29	290	134	6273
10	30	300	147	6677
10	31	310	147	6713
10	32	320	159	7230
10	33	330	175	7504
10	34	340	164	7634
10	35	350	168	7848
10	36	360	174	8086
10	37	370	169	7716
10	38	380	183	8326
10	39	390	192	8721
10	40	400	198	8817
10	41	410	210	9306
10	42	420	211	9372
10	43	430	223	9858
10	44	440	207	9407
10	45	450	241	10352
10	46	460	225	10077
10	47	470	217	9995
10	48	480	243	10666
10	49	490	250	10836
11	1	11	3	243
11	2	22	10	571
11	3	33	18	992
11	4	44	22	1259
11	5	55	31	1587
11	6	66	40	1897
11	7	77	35	2046
11	8	88	42	2395
11	9	99	44	2853
11	10	110	54	3300
11	11	121	54	3095
11	12	132	59	3251
11	13	143	68	3775
11	14	154	81	5086
11	15	165	92	5900
11	16	176	92	4690
11	17	187	107	5308
11	18	198	98	5354
11	19	209	112	5745
11	20	220	117	5929
11	21	231	121	6384
11	22	242	121	6535
11	23	253	140	6893
11	24	264	147	7293
11	25	275	121	6725
11	26	286	134	7289
11	27	297	135	7543
11	28	308	143	7467
11	29	319	162	8451
11	30	330	177	8861
11	31	341	168	8774
11	32	352	188	9316
11	33	363	199	10209
11	34	374	186	9722
11	35	385	184	9802
11	36	396	201	10432
11	37	407	196	15379
11	38	418	200	13820
11	39	429	206	11334
11	40	440	216	11664
11	41	451	213	11542
11	42	462	227	11981
11	43	473	233	11933
11	44	484	225	11955
11	45	495	244	13028
11	46	506	243	12713
11	47	517	246	13031
11	48	528	261	13904
11	49	539	276	14269
12	1	12	7	424
12	2	24	5	394
12	3	36	13	875
12	4	48	24	1400
12	5	60	29	1819
12	6	72	34	2166
12	7	84	44	2842
12	8	96	46	2842
12	9	108	50	2977
12	10	120	67	3879
12	11	132	68	4104
12	12	144	75	4485
12	13	156	64	4327
12	14	168	72	4791
12	15	180	92	5623
12	16	192	79	5259
12	17	204	110	6772
12	18	216	112	7335
12	19	228	106	6600
12	20	240	109	7000
12	21	252	136	7907
12	22	264	127	7579
12	23	276	140	8359
12	24	288	159	9052
12	25	300	137	8598
12	26	312	157	9372
12	27	324	158	9540
12	28	336	177	11068
12	29	348	178	10422
12	30	360	184	13341
12	31	372	202	12150
12	32	384	190	11529
12	33	396	222	12652
12	34	408	199	11953
12	35	420	202	12064
12	36	432	199	12251
12	37	444	231	13619
12	38	456	219	13190
12	39	468	240	14417
12	40	480	248	15037
12	41	492	233	15406
12	42	504	254	15021
12	43	516	251	15419
12	44	528	257	15786
12	45	540	251	15294
12	46	552	276	16562
12	47	564	294	17684
12	48	576	284	16863
12	49	588	280	16934
13	1	13	6	614
13	2	26	13	1415
13	3	39	17	1483
13	4	52	30	2105
13	5	65	36	2461
13	6	78	35	2620
13	7	91	43	3658
13	8	104	53	3661
13	9	117	60	4169
13	10	130	69	4962
13	11	143	79	5799
13	12	156	77	5419
13	13	169	91	6769
13	14	182	104	6890
13	15	195	104	7222
13	16	208	100	7735
13	17	221	103	7257
13	18	234	101	8062
13	19	247	127	8547
13	20	260	125	9327
13	21	273	136	9457
13	22	286	147	10479
13	23	299	155	11287
13	24	312	164	10911
13	25	325	155	11006
13	26	338	145	11624
13	27	351	190	13209
13	28	364	181	12220
13	29	377	179	14133
13	30	390	200	16777
13	31	403	194	15267
13	32	416	214	15394
13	33	429	193	14251
13	34	442	224	15480
13	35	455	248	16248
13	36	468	234	15511
13	37	481	241	16513
13	38	494	268	17258
13	39	507	246	17241
13	40	520	285	18383
13	41	533	255	18423
13	42	546	288	18881
13	43	559	291	19835
13	44	572	286	20212
13	45	585	286	20113
13	46	598	325	22205
13	47	611	298	20990
13	48	624	315	22546
13	49	637	333	22504
14	1	14	6	703
14	2	28	14	1341
14	3	42	16	1529
14	4	56	30	2457
14	5	70	34	3193
14	6	84	40	3210
14	7	98	53	4492
14	8	112	56	4398
14	9	126	56	5063
14	10	140	60	5139
14	11	154	65	5504
14	12	168	91	7110
14	13	182	81	7067
14	14	196	94	7613
14	15	210	116	8968
14	16	224	113	9070
14	17	238	120	9339
14	18	252	124	9505
14	19	266	144	10766
14	20	280	141	10619
14	21	294	155	13023
14	22	308	151	12018
14	23	322	168	13209
14	24	336	192	14077
14	25	350	173	14978
14	26	364	181	13641
14	27	378	204	15057
14	28	392	210	15937
14	29	406	213	16121
14	30	420	222	16640
14	31	434	219	16585
14	32	448	241	17899
14	33	462	218	16995
14	34	476	245	18033
14	35	490	245	19080
14	36	504	252	19536
14	37	518	260	19887
14	38	532	276	20558
14	39	546	274	20376
14	40	560	268	21419
14	41	574	279	21870
14	42	588	280	22269
14	43	602	313	23169
14	44	616	301	23329
14	45	630	309	23757
14	46	644	358	26339
14	47	658	313	24429
14	48	672	335	26763
14	49	686	357	26751
15	1	15	7	765
15	2	30	12	1255
15	3	45	22	2044
15	4	60	26	2437
15	5	75	36	3343
15	6	90	48	4311
15	7	105	53	4589
15	8	120	60	5265
15	9	135	76	7386
15	10	150	62	6864
15	11	165	82	7152
15	12	180	86	7544
15	13	195	96	8492
15	14	210	112	9159
15	15	225	117	9941
15	16	240	120	10035
15	17	255	121	10823
15	18	270	137	11560
15	19	285	150	15800
15	20	300	156	17949
15	21	315	158	18006
15	22	330	153	14657
15	23	345	165	15876
15	24	360	158	16449
15	25	375	192	18703
15	26	390	206	24510
15	27	405	213	27792
15	28	420	219	34236
15	29	435	208	41106
15	30	450	237	41497
15	31	465	231	26372
15	32	480	242	28853
15	33	495	250	24581
15	34	510	264	28421
15	35	525	287	27568
15	36	540	275	37047
15	37	555	283	26362
15	38	570	278	23935
15	39	585	298	28237
15	40	600	298	25629
15	41	615	310	26479
15	42	630	326	27062
15	43	645	319	26693
15	44	660	330	28241
15	45	675	360	29875
15	46	690	347	29217
15	47	705	346	29334
15	48	720	358	30546
15	49	735	389	31528
16	1	16	12	994
16	2	32	12	1395
16	3	48	22	2264
16	4	64	34	3231
16	5	80	50	4579
16	6	96	46	4741
16	7	112	48	4967
16	8	128	71	6849
16	9	144	65	6536
16	10	160	83	7818
16	11	176	101	9293
16	12	192	107	9996
16	13	208	110	10365
16	14	224	107	10866
16	15	240	119	11541
16	16	256	132	12513
16	17	272	149	13503
16	18	288	152	13942
16	19	304	143	14273
16	20	320	168	15731
16	21	336	178	16823
16	22	352	185	19564
16	23	368	165	19861
16	24	384	195	19079
16	25	400	212	19922
16	26	416	198	19934
16	27	432	199	21933
16	28	448	216	20355
16	29	464	260	23839
16	30	480	218	26481
16	31	496	256	26124
16	32	512	253	24112
16	33	528	248	25233
16	34	544	268	26814
16	35	560	289	27309
16	36	576	302	28428
16	37	592	286	27493
16	38	608	302	28654
16	39	624	328	31269
16	40	640	316	34279
16	41	656	309	33281
16	42	672	327	33385
16	43	688	351	37479
16	44	704	331	33050
16	45	720	329	33077
16	46	736	373	35120
16	47	752	377	35898
16	48	768	348	36082
16	49	784	404	38036
17	1	17	2	412
17	2	34	11	1363
17	3	51	28	2892
17	4	68	30	3377
17	5	85	46	4923
17	6	102	53	6013
17	7	119	61	6545
17	8	136	60	6724
17	9	153	66	7618
17	10	170	88	9320
17	11	187	94	9697
17	12	204	103	10543
17	13	221	110	12005
17	14	238	116	13095
17	15	255	134	14219
17	16	272	130	16294
17	17	289	134	15466
17	18	306	143	17892
17	19	323	152	16889
17	20	340	164	17698
17	21	357	174	18535
17	22	374	178	19369
17	23	391	194	23814
17	24	408	208	22262
17	25	425	217	24438
17	26	442	218	23807
17	27	459	227	24208
17	28	476	241	25909
17	29	493	267	27398
17	30	510	244	26402
17	31	527	261	27637
17	32	544	260	29385
17	33	561	275	30347
17	34	578	276	29717
17	35	595	276	29410
17	36	612	308	32105
17	37	629	327	33559
17	38	646	333	34820
17	39	663	346	35742
17	40	680	361	37189
17	41	697	339	38292
17	42	714	364	37925
17	43	731	361	38689
17	44	748	384	40283
17	45	765	372	41568
17	46	782	400	43459
17	47	799	388	43208
17	48	816	412	42938
17	49	833	419	46350
18	1	18	7	923
18	2	36	16	1841
18	3	54	32	3524
18	4	72	28	3724
18	5	90	43	4850
18	6	108	55	6379
18	7	126	60	7286
18	8	144	82	9073
18	9	162	81	9443
18	10	180	93	10742
18	11	198	91	11789
18	12	216	116	12908
18	13	234	116	14149
18	14	252	122	14976
18	15	270	149	16477
18	16	288	148	16759
18	17	306	141	19523
18	18	324	161	18613
18	19	342	169	19898
18	20	360	183	20835
18	21	378	164	20768
18	22	396	190	22192
18	23	414	204	23251
18	24	432	201	24580
18	25	450	217	25918
18	26	468	238	25950
18	27	486	247	28714
18	28	504	260	31280
18	29	522	258	32543
18	30	540	265	31177
18	31	558	284	32700
18	32	576	281	34055
18	33	594	308	42834
18	34	612	319	43343
18	35	630	304	45833
18	36	648	316	50133
18	37	666	337	51136
18	38	684	364	54443
18	39	702	347	51180
18	40	720	363	45600
18	41	738	359	53402
18	42	756	391	57962
18	43	774	383	57619
18	44	792	378	62637
18	45	810	429	65288
18	46	828	424	53511
18	47	846	407	47966
18	48	864	425	48827
18	49	882	452	52267
19	1	19	10	1329
19	2	38	22	2686
19	3	57	26	3322
19	4	76	48	5861
19	5	95	46	7383
19	6	114	61	8389
19	7	133	61	7807
19	8	152	77	10037
19	9	171	81	11174
19	10	190	99	12459
19	11	209	112	13915
19	12	228	103	14148
19	13	247	119	15135
19	14	266	119	15667
19	15	285	149	19727
19	16	304	160	21871
19	17	323	169	21368
19	18	342	185	22642
19	19	361	179	26358
19	20	380	171	22364
19	21	399	209	29169
19	22	418	215	26923
19	23	437	223	27927
19	24	456	224	28135
19	25	475	248	30291
19	26	494	233	29901
19	27	513	254	32763
19	28	532	249	32286
19	29	551	293	35202
19	30	570	286	37032
19	31	589	283	38491
19	32	608	314	41361
19	33	627	334	40745
19	34	646	318	40235
19	35	665	324	45145
19	36	684	339	42526
19	37	703	333	45106
19	38	722	367	53501
19	39	741	370	50215
19	40	760	377	48668
19	41	779	367	51195
19	42	798	393	49574
19	43	817	421	51829
19	44	836	412	53140
19	45	855	465	58791
19	46	874	446	58236
19	47	893	447	56777
19	48	912	445	58296
19	49	931	488	65461
20	1	20	10	1470
20	2	40	24	3039
20	3	60	34	5015
20	4	80	41	8304
20	5	100	47	6523
20	6	120	57	8560
20	7	140	66	10537
20	8	160	84	11757
20	9	180	88	11997
20	10	200	101	13743
20	11	220	101	14530
20	12	240	123	16328
20	13	260	124	17072
20	14	280	119	17468
20	15	300	156	20464
20	16	320	163	22116
20	17	340	177	24274
20	18	360	183	26491
20	19	380	189	27394
20	20	400	190	26873
20	21	420	211	29309
20	22	440	220	29522
20	23	460	234	31838
20	24	480	235	32395
20	25	500	238	34073
20	26	520	261	35606
20	27	540	274	36959
20	28	560	290	38163
20	29	580	296	40083
20	30	600	305	41012
20	31	620	307	41880
20	32	640	311	43101
20	33	660	330	47346
20	34	680	367	48395
20	35	700	358	47330
20	36	720	366	48152
20	37	740	369	50440
20	38	760	362	50507
20	39	780	366	50979
20	40	800	402	53806
20	41	820	395	54117
20	42	840	412	55844
20	43	860	464	62337
20	44	880	458	63496
20	45	900	449	65328
20	46	920	432	63808
20	47	940	460	62661
20	48	960	476	64875
20	49	980	496	66051
21	1	21	8	1268
21	2	42	25	3408
21	3	63	33	4840
21	4	84	43	6502
21	5	105	50	7631
21	6	126	71	9930
21	7	147	70	10495
21	8	168	93	13185
21	9	189	96	14226
21	10	210	108	15504
21	11	231	117	20233
21	12	252	131	19006
21	13	273	144	20441
21	14	294	154	21145
21	15	315	161	23407
21	16	336	149	23360
21	17	357	170	25706
21	18	378	180	26946
21	19	399	186	35623
21	20	420	203	34965
21	21	441	221	36020
21	22	462	265	39638
21	23	483	240	41939
21	24	504	278	37240
21	25	525	258	46674
21	26	546	266	42718
21	27	567	276	47173
21	28	588	313	48320
21	29	609	292	43310
21	30	630	310	45902
21	31	651	322	48061
21	32	672	340	49422
21	33	693	341	49564
21	34	714	362	52820
21	35	735	363	53562
21	36	756	385	55515
21	37	777	409	59776
21	38	798	389	56846
21	39	819	377	57004
21	40	840	391	60361
21	41	861	436	62713
21	42	882	450	64795
21	43	903	438	68863
21	44	924	460	68128
21	45	945	467	68345
21	46	966	488	74670
21	47	987	501	71265
21	48	1008	512	74511
21	49	1029	506	76577
22	1	22	13	1885
22	2	44	20	3589
22	3	66	31	5265
22	4	88	51	7529
22	5	110	62	10195
22	6	132	66	10618
22	7	154	82	12444
22	8	176	80	13774
22	9	198	95	15824
22	10	220	112	17320
22	11	242	102	17378
22	12	264	143	21827
22	13	286	146	25303
22	14	308	164	24374
22	15	330	148	25197
22	16	352	179	29789
22	17	374	175	28580
22	18	396	186	34155
22	19	418	196	37696
22	20	440	218	40066
22	21	462	245	40306
22	22	484	242	52007
22	23	506	248	51503
22	24	528	266	60215
22	25	550	299	58961
22	26	572	261	56972
22	27	594	314	48328
22	28	616	315	52038
22	29	638	306	49968
22	30	660	321	51482
22	31	682	347	53442
22	32	704	364	55533
22	33	726	355	56301
22	34	748	375	58255
22	35	770	382	63087
22	36	792	402	67957
22	37	814	400	65751
22	38	836	411	64392
22	39	858	411	65663
22	40	880	436	67275
22	41	902	421	67920
22	42	924	464	87949
22	43	946	498	77667
22	44	968	530	81323
22	45	990	516	78354
22	46	1012	494	76783
22	47	1034	543	80963
22	48	1056	530	82001
22	49	1078	519	82644
23	1	23	10	1926
23	2	46	16	3063
23	3	69	33	5970
23	4	92	45	7941
23	5	115	66	10068
23	6	138	74	12112
23	7	161	82	13416
23	8	184	88	15105
23	9	207	112	19657
23	10	230	115	20382
23	11	253	139	22423
23	12	276	146	23691
23	13	299	147	25529
23	14	322	163	26824
23	15	345	185	29544
23	16	368	177	29355
23	17	391	192	32635
23	18	414	192	33503
23	19	437	221	36207
23	20	460	215	38214
23	21	483	245	40080
23	22	506	255	41855
23	23	529	275	45213
23	24	552	283	46345
23	25	575	266	48322
23	26	598	318	50517
23	27	621	298	50404
23	28	644	351	55258
23	29	667	337	54689
23	30	690	333	56665
23	31	713	398	61877
23	32	736	354	64751
23	33	759	378	65586
23	34	782	395	85691
23	35	805	412	86678
23	36	828	410	86750
23	37	851	421	91695
23	38	874	408	71808
23	39	897	480	80371
23	40	920	465	78790
23	41	943	459	79803
23	42	966	502	87870
23	43	989	487	81794
23	44	1012	495	88681
23	45	1035	529	93779
23	46	1058	506	87836
23	47	1081	535	89022
23	48	1104	580	94847
23	49	1127	561	92448
24	1	24	15	2333
24	2	48	21	4175
24	3	72	34	5954
24	4	96	55	9294
24	5	120	60	10572
24	6	144	66	12562
24	7	168	75	14056
24	8	192	97	17033
24	9	216	101	18858
24	10	240	115	20890
24	11	264	125	25302
24	12	288	146	27166
24	13	312	165	28889
24	14	336	170	30193
24	15	360	179	31277
24	16	384	174	33793
24	17	408	217	36894
24	18	432	202	36967
24	19	456	230	40627
24	20	480	237	41905
24	21	504	231	42598
24	22	528	268	47874
24	23	552	265	48162
24	24	576	285	50334
24	25	600	297	54316
24	26	624	303	54476
24	27	648	313	57920
24	28	672	341	62820
24	29	696	348	63182
24	30	720	344	66120
24	31	744	363	68132
24	32	768	394	69540
24	33	792	380	88017
24	34	816	429	85096
24	35	840	428	98662
24	36	864	427	112834
24	37	888	407	93073
24	38	912	458	95706
24	39	936	516	94451
24	40	960	450	83244
24	41	984	484	89608
24	42	1008	519	136523
24	43	1032	481	115055
24	44	1056	537	114118
24	45	1080	542	95393
24	46	1104	538	96756
24	47	1128	543	97232
24	48	1152	582	102787
24	49	1176	616	105887
25	1	25	14	2472
25	2	50	28	4914
25	3	75	36	7117
25	4	100	51	10038
25	5	125	63	12362
25	6	150	81	15232
25	7	175	82	15437
25	8	200	106	19667
25	9	225	123	21602
25	10	250	122	23265
25	11	275	142	26449
25	12	300	152	30821
25	13	325	158	34090
25	14	350	184	33603
25	15	375	181	34848
25	16	400	216	39190
25	17	425	209	40450
25	18	450	260	47999
25	19	475	239	44611
25	20	500	234	45391
25	21	525	261	52706
25	22	550	285	52960
25	23	575	302	58225
25	24	600	299	63471
25	25	625	303	57800
25	26	650	337	61992
25	27	675	333	63173
25	28	700	363	73575
25	29	725	353	78406
25	30	750	380	70835
25	31	775	361	70022
25	32	800	396	75311
25	33	825	414	77194
25	34	850	436	82431
25	35	875	445	81800
25	36	900	453	83148
25	37	925	456	85521
25	38	950	473	89073
25	39	975	489	91268
25	40	1000	508	95796
25	41	1025	528	97248
25	42	1050	524	98776
25	43	1075	543	101345
25	44	1100	574	105199
25	45	1125	561	106210
25	46	1150	575	107363
25	47	1175	576	108592
25	48	1200	588	112485
25	49	1225	630	115386
26	1	26	13	2609
26	2	52	24	5072
26	3	78	42	8201
26	4	104	62	11315
26	5	130	61	12709
26	6	156	74	15386
26	7	182	88	20530
26	8	208	93	19834
26	9	234	123	24492
26	10	260	124	25674
26	11	286	150	29234
26	12	312	152	31177
26	13	338	164	33681
26	14	364	195	37455
26	15	390	192	39507
26	16	416	204	41077
26	17	442	232	45156
26	18	468	246	47596
26	19	494	245	49756
26	20	520	264	52574
26	21	546	274	56919
26	22	572	300	56704
26	23	598	289	59946
26	24	624	291	60499
26	25	650	340	66472
26	26	676	331	65754
26	27	702	337	68503
26	28	728	389	74271
26	29	754	362	78572
26	30	780	397	78088
26	31	806	408	79589
26	32	832	407	83511
26	33	858	443	87540
26	34	884	443	88585
26	35	910	458	93348
26	36	936	471	94986
26	37	962	505	97324
26	38	988	491	97932
26	39	1014	521	101127
26	40	1040	502	105247
26	41	1066	517	103715
26	42	1092	575	110150
26	43	1118	565	112162
26	44	1144	556	112699
26	45	1170	598	121116
26	46	1196	622	120548
26	47	1222	638	121250
26	48	1248	604	124472
26	49	1274	641	129839
27	1	27	15	2936
27	2	54	25	5806
27	3	81	36	8175
27	4	108	59	12138
27	5	135	61	13702
27	6	162	75	16535
27	7	189	78	18492
27	8	216	101	21964
27	9	243	120	25253
27	10	270	136	27694
27	11	297	134	29866
27	12	324	175	35220
27	13	351	170	36221
27	14	378	183	38613
27	15	405	213	44388
27	16	432	214	44625
27	17	459	227	49558
27	18	486	271	57002
27	19	513	276	56612
27	20	540	269	57869
27	21	567	298	61082
27	22	594	307	64356
27	23	621	300	65495
27	24	648	323	67811
27	25	675	324	71269
27	26	702	352	77208
27	27	729	373	77573
27	28	756	396	81409
27	29	783	396	81975
27	30	810	430	86869
27	31	837	417	86449
27	32	864	444	92312
27	33	891	462	95240
27	34	918	441	94117
27	35	945	463	98688
27	36	972	490	104353
27	37	999	466	105745
27	38	1026	516	108588
27	39	1053	511	110367
27	40	1080	517	111292
27	41	1107	551	118427
27	42	1134	584	124726
27	43	1161	615	128737
27	44	1188	582	122781
27	45	1215	617	138132
27	46	1242	636	135382
27	47	1269	645	145382
27	48	1296	645	134729
27	49	1323	666	140587
28	1	28	18	5245
28	2	56	38	7933
28	3	84	40	9574
28	4	112	56	12210
28	5	140	71	16058
28	6	168	82	18691
28	7	196	95	21459
28	8	224	110	23861
28	9	252	133	28102
28	10	280	137	30427
28	11	308	140	33898
28	12	336	179	38779
28	13	364	184	41688
28	14	392	203	45595
28	15	420	201	45621
28	16	448	215	49279
28	17	476	239	53113
28	18	504	252	59980
28	19	532	259	57831
28	20	560	286	63834
28	21	588	309	67618
28	22	616	314	69556
28	23	644	319	71600
28	24	672	348	75111
28	25	700	365	82029
28	26	728	387	81841
28	27	756	349	81102
28	28	784	373	83173
28	29	812	391	92905
28	30	840	412	93429
28	31	868	446	102119
28	32	896	457	99186
28	33	924	473	105501
28	34	952	459	104451
28	35	980	481	108044
28	36	1008	465	110880
28	37	1036	525	116134
28	38	1064	526	127430
28	39	1092	541	156868
28	40	1120	540	152399
28	41	1148	597	130309
28	42	1176	569	128830
28	43	1204	582	130408
28	44	1232	624	142433
28	45	1260	625	140608
28	46	1288	652	153769
28	47	1316	649	149894
28	48	1344	638	149254
28	49	1372	639	150020
29	1	29	18	4186
29	2	58	30	6738
29	3	87	55	12431
29	4	116	58	13829
29	5	145	73	16447
29	6	174	84	19645
29	7	203	103	24919
29	8	232	106	28347
29	9	261	139	33854
29	10	290	140	33827
29	11	319	159	37885
29	12	348	176	42879
29	13	377	189	60769
29	14	406	197	72524
29	15	435	208	49970
29	16	464	233	54644
29	17	493	243	57599
29	18	522	251	80427
29	19	551	261	103817
29	20	580	288	118729
29	21	609	300	74689
29	22	638	319	74269
29	23	667	350	82210
29	24	696	361	86845
29	25	725	351	87153
29	26	754	404	96280
29	27	783	396	98216
29	28	812	393	98678
29	29	841	428	104142
29	30	870	437	107329
29	31	899	452	110906
29	32	928	475	134745
29	33	957	457	189849
29	34	986	510	141015
29	35	1015	541	148174
29	36	1044	512	131754
29	37	1073	525	133245
29	38	1102	546	132873
29	39	1131	558	150383
29	40	1160	550	142037
29	41	1189	593	152820
29	42	1218	610	171279
29	43	1247	622	229799
29	44	1276	675	203096
29	45	1305	626	196966
29	46	1334	656	177802
29	47	1363	698	162033
29	48	1392	699	170042
29	49	1421	695	170532
30	1	30	16	3862
30	2	60	33	8098
30	3	90	50	12092
30	4	120	60	15575
30	5	150	76	19576
30	6	180	89	24061
30	7	210	94	24969
30	8	240	106	31086
30	9	270	132	57011
30	10	300	147	58297
30	11	330	140	50296
30	12	360	169	68856
30	13	390	204	89275
30	14	420	224	68898
30	15	450	219	102511
30	16	480	237	117252
30	17	510	263	126589
30	18	540	269	118342
30	19	570	300	89636
30	20	600	309	93912
30	21	630	297	91348
30	22	660	332	92866
30	23	690	361	91187
30	24	720	365	92402
30	25	750	372	126187
30	26	780	365	100437
30	27	810	410	115242
30	28	840	404	106134
30	29	870	449	112985
30	30	900	449	121267
30	31	930	459	160212
30	32	960	493	178596
30	33	990	509	131574
30	34	1020	495	179166
30	35	1050	528	306547
30	36	1080	534	262834
30	37	1110	543	163106
30	38	1140	588	180691
30	39	1170	594	245387
30	40	1200	608	196940
30	41	1230	619	183504
30	42	1260	612	161450
30	43	1290	627	180222
30	44	1320	641	183163
30	45	1350	656	188152
30	46	1380	679	188096
30	47	1410	687	197451
30	48	1440	726	206423
30	49	1470	744	199695
31	1	31	19	5073
31	2	62	30	8663
31	3	93	41	11547
31	4	124	58	16899
31	5	155	87	27672
31	6	186	85	24257
31	7	217	113	31873
31	8	248	130	37446
31	9	279	137	41493
31	10	310	151	44023
31	11	341	185	54838
31	12	372	170	50254
31	13	403	195	59866
31	14	434	212	68808
31	15	465	235	87910
31	16	496	262	97309
31	17	527	279	76224
31	18	558	295	83161
31	19	589	296	85486
31	20	620	313	106361
31	21	651	333	120102
31	22	682	357	147128
31	23	713	369	156492
31	24	744	375	149201
31	25	775	375	141323
31	26	806	404	258597
31	27	837	419	342764
31	28	868	446	188088
31	29	899	457	246962
31	30	930	483	296742
31	31	961	490	270315
31	32	992	507	202813
31	33	1023	473	256715
31	34	1054	506	375938
31	35	1085	537	188235
31	36	1116	570	165598
31	37	1147	574	186512
31	38	1178	593	184058
31	39	1209	604	172800
31	40	1240	654	194968
31	41	1271	646	180015
31	42	1302	673	188611
31	43	1333	620	174878
31	44	1364	683	183066
31	45	1395	684	193447
31	46	1426	714	201346
31	47	1457	746	207094
31	48	1488	712	215430
31	49	1519	769	209059
32	1	32	16	4987
32	2	64	31	10332
32	3	96	51	16021
32	4	128	74	22323
32	5	160	87	26159
32	6	192	95	30273
32	7	224	104	35510
32	8	256	138	42608
32	9	288	143	45836
32	10	320	167	61974
32	11	352	175	63747
32	12	384	203	62595
32	13	416	208	65102
32	14	448	235	69975
32	15	480	232	106961
32	16	512	259	127174
32	17	544	269	121952
32	18	576	291	99074
32	19	608	305	102898
32	20	640	309	148208
32	21	672	334	102540
32	22	704	354	101148
32	23	736	374	103261
32	24	768	385	108356
32	25	800	397	112409
32	26	832	401	122923
32	27	864	437	176110
32	28	896	448	173762
32	29	928	471	131457
32	30	960	469	159877
32	31	992	496	202668
32	32	1024	524	145697
32	33	1056	507	145988
32	34	1088	556	290671
32	35	1120	559	162659
32	36	1152	570	164885
32	37	1184	567	233432
32	38	1216	607	320408
32	39	1248	620	174473
32	40	1280	623	190594
32	41	1312	643	204864
32	42	1344	673	193834
32	43	1376	680	225791
32	44	1408	719	253734
32	45	1440	722	206339
32	46	1472	720	224389
32	47	1504	734	219996
32	48	1536	780	250037
32	49	1568	768	214150
33	1	33	17	5259
33	2	66	32	9548
33	3	99	51	15504
33	4	132	71	20639
33	5	165	83	24760
33	6	198	107	29553
33	7	231	116	34134
33	8	264	125	37307
33	9	297	148	45069
33	10	330	159	48152
33	11	363	177	52594
33	12	396	194	59306
33	13	429	210	72134
33	14	462	236	70983
33	15	495	237	81693
33	16	528	279	82244
33	17	561	273	81444
33	18	594	278	83669
33	19	627	296	88944
33	20	660	348	101525
33	21	693	339	100732
33	22	726	369	109480
33	23	759	385	122760
33	24	792	388	120671
33	25	825	428	125731
33	26	858	412	144014
33	27	891	458	139345
33	28	924	463	152393
33	29	957	469	188933
33	30	990	499	166415
33	31	1023	489	169274
33	32	1056	544	173628
33	33	1089	521	179920
33	34	1122	542	179251
33	35	1155	574	189996
33	36	1188	610	195252
33	37	1221	600	189925
33	38	1254	652	232746
33	39	1287	658	190724
33	40	1320	676	226984
33	41	1353	674	216723
33	42	1386	697	244409
33	43	1419	732	210990
33	44	1452	741	255583
33	45	1485	755	235422
33	46	1518	791	261745
33	47	1551	797	235981
33	48	1584	804	237277
33	49	1617	827	290770
34	1	34	15	4922
34	2	68	34	10629
34	3	102	57	17402
34	4	136	73	22070
34	5	170	86	26276
34	6	204	105	33758
34	7	238	109	35409
34	8	272	138	42421
34	9	306	139	43944
34	10	340	167	52277
34	11	374	188	57448
34	12	408	212	64406
34	13	442	232	72203
34	14	476	223	72434
34	15	510	247	82623
34	16	544	277	104321
34	17	578	284	126365
34	18	612	294	91328
34	19	646	312	106832
34	20	680	348	129206
34	21	714	371	112701
34	22	748	381	119628
34	23	782	385	126720
34	24	816	414	140728
34	25	850	443	165687
34	26	884	458	246338
34	27	918	455	171629
34	28	952	447	183857
34	29	986	488	172124
34	30	1020	510	205529
34	31	1054	513	189233
34	32	1088	574	226144
34	33	1122	551	170725
34	34	1156	594	260603
34	35	1190	591	214826
34	36	1224	658	223982
34	37	1258	632	242221
34	38	1292	647	228745
34	39	1326	670	213630
34	40	1360	692	237973
34	41	1394	717	230257
34	42	1428	699	225981
34	43	1462	740	228001
34	44	1496	754	231685
34	45	1530	773	238140
34	46	1564	762	258865
34	47	1598	801	392747
34	48	1632	837	258922
34	49	1666	817	357747
35	1	35	18	6042
35	2	70	36	12126
35	3	105	53	18148
35	4	140	73	24348
35	5	175	87	30350
35	6	210	109	45457
35	7	245	113	41954
35	8	280	136	46071
35	9	315	161	51616
35	10	350	174	56557
35	11	385	179	62542
35	12	420	202	70850
35	13	455	238	80955
35	14	490	237	104154
35	15	525	273	87832
35	16	560	293	94771
35	17	595	295	95639
35	18	630	314	103313
35	19	665	330	115824
35	20	700	330	222000
35	21	735	360	136403
35	22	770	409	129807
35	23	805	394	131006
35	24	840	435	144068
35	25	875	446	184697
35	26	910	445	151091
35	27	945	469	184417
35	28	980	478	159960
35	29	1015	497	182663
35	30	1050	510	180368
35	31	1085	531	190971
35	32	1120	563	183893
35	33	1155	578	187779
35	34	1190	607	212981
35	35	1225	612	205556
35	36	1260	618	224788
35	37	1295	682	224346
35	38	1330	648	225675
35	39	1365	671	268504
35	40	1400	738	306941
35	41	1435	702	271285
35	42	1470	725	290738
35	43	1505	747	260940
35	44	1540	786	276668
35	45	1575	775	262352
35	46	1610	810	332534
35	47	1645	840	290972
35	48	1680	835	317002
35	49	1715	876	326806
36	1	36	16	5317
36	2	72	34	15246
36	3	108	52	19709
36	4	144	77	37589
36	5	180	84	44333
36	6	216	109	51614
36	7	252	133	69992
36	8	288	138	49926
36	9	324	158	59928
36	10	360	184	65525
36	11	396	180	64320
36	12	432	202	73575
36	13	468	226	80985
36	14	504	267	98427
36	15	540	269	109655
36	16	576	314	106371
36	17	612	313	111729
36	18	648	323	112341
36	19	684	351	123033
36	20	720	320	115361
36	21	756	373	129830
36	22	792	396	134375
36	23	828	457	154787
36	24	864	417	146641
36	25	900	467	156355
36	26	936	463	166378
36	27	972	493	209481
36	28	1008	508	172614
36	29	1044	553	211589
36	30	1080	562	250415
36	31	1116	560	247838
36	32	1152	537	189363
36	33	1188	583	209543
36	34	1224	640	226221
36	35	1260	646	230071
36	36	1296	652	284877
36	37	1332	658	330139
36	38	1368	692	239752
36	39	1404	667	269566
36	40	1440	708	256493
36	41	1476	750	280214
36	42	1512	729	300288
36	43	1548	742	391763
36	44	1584	797	397531
36	45	1620	820	304884
36	46	1656	843	304415
36	47	1692	844	365116
36	48	1728	815	366534
36	49	1764	871	316065
37	1	37	20	7362
37	2	74	38	14750
37	3	111	65	29772
37	4	148	78	44178
37	5	185	81	49587
37	6	222	104	59582
37	7	259	116	53633
37	8	296	157	54422
37	9	333	169	60506
37	10	370	190	69056
37	11	407	211	80298
37	12	444	214	85231
37	13	481	220	85423
37	14	518	239	138545
37	15	555	277	154265
37	16	592	285	148391
37	17	629	328	119059
37	18	666	353	131661
37	19	703	358	131400
37	20	740	347	126456
37	21	777	384	180705
37	22	814	409	145850
37	23	851	384	144271
37	24	888	472	161553
37	25	925	471	187626
37	26	962	461	168473
37	27	999	497	187894
37	28	1036	520	180700
37	29	1073	533	189850
37	30	1110	544	202702
37	31	1147	568	204824
37	32	1184	571	213125
37	33	1221	584	214509
37	34	1258	622	304952
37	35	1295	636	263171
37	36	1332	661	269137
37	37	1369	667	247398
37	38	1406	721	271561
37	39	1443	705	276326
37	40	1480	745	261198
37	41	1517	781	289766
37	42	1554	782	276702
37	43	1591	788	304573
37	44	1628	790	299246
37	45	1665	848	319168
37	46	1702	855	319944
37	47	1739	876	322167
37	48	1776	892	324267
37	49	1813	897	333532
38	1	38	17	7442
38	2	76	40	15596
38	3	114	60	22330
38	4	152	82	31655
38	5	190	87	34278
38	6	228	119	44721
38	7	266	121	49593
38	8	304	148	56787
38	9	342	174	64445
38	10	380	198	80170
38	11	418	231	91718
38	12	456	226	91306
38	13	494	246	92815
38	14	532	261	110049
38	15	570	273	110406
38	16	608	301	120802
38	17	646	300	120567
38	18	684	329	158783
38	19	722	382	185450
38	20	760	368	215685
38	21	798	399	180444
38	22	836	425	157014
38	23	874	448	174246
38	24	912	459	188061
38	25	950	459	184542
38	26	988	503	203508
38	27	1026	497	193577
38	28	1064	541	278090
38	29	1102	522	245757
38	30	1140	575	231860
38	31	1178	588	228365
38	32	1216	592	238987
38	33	1254	617	260298
38	34	1292	678	254266
38	35	1330	659	264028
38	36	1368	704	263638
38	37	1406	713	277140
38	38	1444	735	354541
38	39	1482	780	289568
38	40	1520	772	315069
38	41	1558	802	290667
38	42	1596	778	316666
38	43	1634	773	513627
38	44	1672	822	312202
38	45	1710	853	439594
38	46	1748	846	453755
38	47	1786	894	437833
38	48	1824	958	357602
38	49	1862	908	360280
39	1	39	19	8113
39	2	78	46	17282
39	3	117	66	25384
39	4	156	81	32273
39	5	195	100	50316
39	6	234	114	46924
39	7	273	132	55970
39	8	312	155	63131
39	9	351	188	75111
39	10	390	197	79749
39	11	429	216	90195
39	12	468	228	93541
39	13	507	268	105388
39	14	546	286	109711
39	15	585	303	116768
39	16	624	310	120357
39	17	663	311	124111
39	18	702	359	141803
39	19	741	387	155294
39	20	780	386	199105
39	21	819	426	181312
39	22	858	441	207707
39	23	897	461	186010
39	24	936	468	226749
39	25	975	493	196078
39	26	1014	510	201218
39	27	1053	524	226283
39	28	1092	525	220881
39	29	1131	524	224819
39	30	1170	576	224712
39	31	1209	607	251771
39	32	1248	599	259371
39	33	1287	631	278834
39	34	1326	655	287907
39	35	1365	667	256962
39	36	1404	690	315625
39	37	1443	720	335870
39	38	1482	747	285950
39	39	1521	731	329124
39	40	1560	767	334921
39	41	1599	805	343951
39	42	1638	835	341495
39	43	1677	872	341828
39	44	1716	849	332275
39	45	1755	935	358815
39	46	1794	925	371895
39	47	1833	912	370683
39	48	1872	935	381986
39	49	1911	969	398234
40	1	40	20	8154
40	2	80	45	16938
40	3	120	56	24085
40	4	160	76	29888
40	5	200	111	48349
40	6	240	121	56329
40	7	280	140	61453
40	8	320	159	70510
40	9	360	184	74327
40	10	400	218	88170
40	11	440	228	117798
40	12	480	247	110851
40	13	520	255	111051
40	14	560	267	122550
40	15	600	296	154703
40	16	640	296	125026
40	17	680	352	143994
40	18	720	360	175678
40	19	760	381	155079
40	20	800	407	165738
40	21	840	421	178322
40	22	880	453	185669
40	23	920	434	244164
40	24	960	481	204014
40	25	1000	500	214754
40	26	1040	540	256487
40	27	1080	539	233612
40	28	1120	557	242103
40	29	1160	581	348240
40	30	1200	607	262092
40	31	1240	612	268418
40	32	1280	657	298320
40	33	1320	630	286141
40	34	1360	673	311140
40	35	1400	700	275953
40	36	1440	676	304014
40	37	1480	722	330977
40	38	1520	750	369857
40	39	1560	788	318234
40	40	1600	787	344155
40	41	1640	802	392660
40	42	1680	837	385957
40	43	1720	844	416120
40	44	1760	896	404997
40	45	1800	885	356875
40	46	1840	973	506893
40	47	1880	951	495434
40	48	1920	1001	506981
40	49	1960	961	407988
41	1	41	15	7280
41	2	82	34	16128
41	3	123	70	28657
41	4	164	89	37769
41	5	205	100	45155
41	6	246	126	55866
41	7	287	153	81724
41	8	328	149	74518
41	9	369	184	80298
41	10	410	198	89174
41	11	451	232	114298
41	12	492	244	108017
41	13	533	280	119636
41	14	574	274	121374
41	15	615	304	134770
41	16	656	320	148277
41	17	697	337	147733
41	18	738	362	162145
41	19	779	389	175361
41	20	820	401	177901
41	21	861	449	192623
41	22	902	429	204128
41	23	943	459	234099
41	24	984	498	224243
41	25	1025	510	235069
41	26	1066	549	265361
41	27	1107	552	228395
41	28	1148	578	237118
41	29	1189	593	253541
41	30	1230	611	278685
41	31	1271	654	313718
41	32	1312	666	277985
41	33	1353	652	307578
41	34	1394	679	311258
41	35	1435	717	318543
41	36	1476	761	341622
41	37	1517	777	327172
41	38	1558	820	361336
41	39	1599	826	367572
41	40	1640	768	379667
41	41	1681	818	367099
41	42	1722	888	418677
41	43	1763	888	415704
41	44	1804	889	481785
41	45	1845	901	444253
41	46	1886	952	668071
41	47	1927	954	520393
41	48	1968	994	689042
41	49	2009	1008	773008
42	1	42	23	11607
42	2	84	41	21428
42	3	126	64	31758
42	4	168	82	42253
42	5	210	107	52077
42	6	252	120	91718
42	7	294	140	116536
42	8	336	161	127759
42	9	378	191	110982
42	10	420	209	98821
42	11	462	236	117764
42	12	504	248	125916
42	13	546	265	137344
42	14	588	296	207745
42	15	630	310	232911
42	16	672	326	142652
42	17	714	351	165929
42	18	756	362	166011
42	19	798	418	183818
42	20	840	416	183377
42	21	882	434	210641
42	22	924	467	201257
42	23	966	487	219862
42	24	1008	505	218935
42	25	1050	512	237659
42	26	1092	561	235278
42	27	1134	556	253956
42	28	1176	592	252115
42	29	1218	620	275986
42	30	1260	623	266661
42	31	1302	636	288122
42	32	1344	694	290765
42	33	1386	681	303552
42	34	1428	769	324320
42	35	1470	730	315060
42	36	1512	785	337290
42	37	1554	783	344147
42	38	1596	783	338584
42	39	1638	857	367309
42	40	1680	821	366157
42	41	1722	850	370091
42	42	1764	845	376638
42	43	1806	894	393532
42	44	1848	919	404191
42	45	1890	936	429687
42	46	1932	947	409529
42	47	1974	963	441307
42	48	2016	1062	447637
42	49	2058	1024	445030
43	1	43	21	9648
43	2	86	40	17463
43	3	129	61	28311
43	4	172	89	46786
43	5	215	82	41199
43	6	258	130	58242
43	7	301	141	66332
43	8	344	177	76392
43	9	387	188	86305
43	10	430	203	94669
43	11	473	230	105464
43	12	516	247	122250
43	13	559	276	122881
43	14	602	325	136778
43	15	645	315	153432
43	16	688	332	150535
43	17	731	378	164052
43	18	774	392	171300
43	19	817	420	200063
43	20	860	422	201125
43	21	903	467	221836
43	22	946	479	215988
43	23	989	512	242636
43	24	1032	517	275043
43	25	1075	557	253829
43	26	1118	576	416858
43	27	1161	585	482428
43	28	1204	599	585412
43	29	1247	620	334065
43	30	1290	630	414947
43	31	1333	694	394684
43	32	1376	685	411558
43	33	1419	723	328134
43	34	1462	750	345981
43	35	1505	715	689266
43	36	1548	752	543569
43	37	1591	809	524550
43	38	1634	809	659993
43	39	1677	857	432492
43	40	1720	878	569717
43	41	1763	892	659115
43	42	1806	913	588153
43	43	1849	927	416440
43	44	1892	908	717022
43	45	1935	991	502136
43	46	1978	983	712335
43	47	2021	996	656594
43	48	2064	996	608356
43	49	2107	1047	525378
44	1	44	23	10703
44	2	88	38	20955
44	3	132	64	32703
44	4	176	94	44511
44	5	220	107	54270
44	6	264	114	58548
44	7	308	133	70515
44	8	352	161	84533
44	9	396	213	121899
44	10	440	208	147927
44	11	484	246	115930
44	12	528	276	127583
44	13	572	284	140656
44	14	616	305	163378
44	15	660	336	161308
44	16	704	328	157745
44	17	748	407	195493
44	18	792	385	192090
44	19	836	424	204668
44	20	880	450	228247
44	21	924	462	231499
44	22	968	472	227838
44	23	1012	493	278358
44	24	1056	534	244402
44	25	1100	551	267488
44	26	1144	560	303952
44	27	1188	605	326168
44	28	1232	604	279013
44	29	1276	651	326922
44	30	1320	659	332987
44	31	1364	699	414640
44	32	1408	730	426234
44	33	1452	722	425133
44	34	1496	730	428938
44	35	1540	802	496214
44	36	1584	820	595911
44	37	1628	834	437530
44	38	1672	823	487808
44	39	1716	881	419669
44	40	1760	893	419605
44	41	1804	865	432242
44	42	1848	947	455675
44	43	1892	976	460095
44	44	1936	953	476528
44	45	1980	983	524993
44	46	2024	1028	502924
44	47	2068	1004	506353
44	48	2112	1058	536157
44	49	2156	1071	572084
45	1	45	25	13058
45	2	90	46	29004
45	3	135	70	33030
45	4	180	90	42750
45	5	225	116	55060
45	6	270	137	64394
45	7	315	160	76037
45	8	360	186	86680
45	9	405	191	96409
45	10	450	227	109361
45	11	495	237	153060
45	12	540	257	133458
45	13	585	295	153599
45	14	630	315	154937
45	15	675	358	168262
45	16	720	355	201996
45	17	765	389	213072
45	18	810	375	211427
45	19	855	422	235030
45	20	900	459	215619
45	21	945	496	238609
45	22	990	490	247171
45	23	1035	539	263668
45	24	1080	543	258754
45	25	1125	558	274914
45	26	1170	576	285060
45	27	1215	600	293197
45	28	1260	642	299432
45	29	1305	632	312022
45	30	1350	678	328257
45	31	1395	693	332225
45	32	1440	730	349086
45	33	1485	711	358187
45	34	1530	751	367749
45	35	1575	774	383635
45	36	1620	805	383677
45	37	1665	810	403200
45	38	1710	857	454615
45	39	1755	900	487665
45	40	1800	903	457193
45	41	1845	915	453093
45	42	1890	955	476090
45	43	1935	973	478984
45	44	1980	993	530839
45	45	2025	1012	569024
45	46	2070	1013	526204
45	47	2115	1071	529378
45	48	2160	1059	522376
45	49	2205	1113	538966
46	1	46	28	11846
46	2	92	49	22996
46	3	138	69	33720
46	4	184	76	40741
46	5	230	108	62972
46	6	276	130	67635
46	7	322	163	79352
46	8	368	176	88922
46	9	414	214	103019
46	10	460	227	113542
46	11	506	253	127376
46	12	552	282	143209
46	13	598	296	150213
46	14	644	330	171352
46	15	690	343	207342
46	16	736	363	204661
46	17	782	394	220959
46	18	828	390	221485
46	19	874	445	230491
46	20	920	464	240335
46	21	966	449	251773
46	22	1012	517	251190
46	23	1058	525	265349
46	24	1104	549	283576
46	25	1150	570	301351
46	26	1196	575	348744
46	27	1242	641	397552
46	28	1288	642	345800
46	29	1334	683	352596
46	30	1380	690	377620
46	31	1426	732	402067
46	32	1472	762	392321
46	33	1518	765	381592
46	34	1564	769	398470
46	35	1610	792	410472
46	36	1656	808	428017
46	37	1702	816	433049
46	38	1748	918	456560
46	39	1794	858	465051
46	40	1840	939	483350
46	41	1886	912	508592
46	42	1932	978	559500
46	43	1978	983	505501
46	44	2024	998	581446
46	45	2070	1050	539796
46	46	2116	1061	543351
46	47	2162	1078	563519
46	48	2208	1079	607683
46	49	2254	1148	652390
47	1	47	24	16755
47	2	94	53	28496
47	3	141	74	37346
47	4	188	87	48803
47	5	235	144	71217
47	6	282	145	103825
47	7	329	162	130684
47	8	376	175	105566
47	9	423	209	123718
47	10	470	237	145045
47	11	517	259	224003
47	12	564	290	290604
47	13	611	288	181219
47	14	658	345	207300
47	15	705	346	323256
47	16	752	370	239156
47	17	799	408	258932
47	18	846	412	276285
47	19	893	442	234568
47	20	940	492	245186
47	21	987	518	275964
47	22	1034	528	264728
47	23	1081	535	290586
47	24	1128	559	290688
47	25	1175	578	295621
47	26	1222	614	318220
47	27	1269	623	327893
47	28	1316	652	344324
47	29	1363	643	362310
47	30	1410	693	375883
47	31	1457	737	392439
47	32	1504	753	387365
47	33	1551	801	417993
47	34	1598	816	441297
47	35	1645	774	442359
47	36	1692	837	451853
47	37	1739	892	459670
47	38	1786	884	459542
47	39	1833	890	485828
47	40	1880	975	484038
47	41	1927	943	514420
47	42	1974	1000	501934
47	43	2021	985	530118
47	44	2068	1058	570518
47	45	2115	1044	588940
47	46	2162	1131	573887
47	47	2209	1098	598702
47	48	2256	1080	684020
47	49	2303	1137	876049
48	1	48	27	14606
48	2	96	48	28152
48	3	144	73	42016
48	4	192	97	57407
48	5	240	111	75328
48	6	288	150	94860
48	7	336	195	216030
48	8	384	204	172905
48	9	432	225	159536
48	10	480	256	143504
48	11	528	251	173344
48	12	576	281	336328
48	13	624	304	182348
48	14	672	334	213104
48	15	720	377	240024
48	16	768	368	391704
48	17	816	395	209431
48	18	864	427	222350
48	19	912	460	239944
48	20	960	436	249376
48	21	1008	538	272307
48	22	1056	554	276405
48	23	1104	581	291444
48	24	1152	574	298353
48	25	1200	585	309698
48	26	1248	624	323420
48	27	1296	650	336886
48	28	1344	701	348957
48	29	1392	711	362117
48	30	1440	745	373776
48	31	1488	737	386677
48	32	1536	789	398534
48	33	1584	835	416011
48	34	1632	814	421210
48	35	1680	875	439584
48	36	1728	879	450834
48	37	1776	868	458224
48	38	1824	899	468261
48	39	1872	955	487059
48	40	1920	920	487256
48	41	1968	967	506080
48	42	2016	981	517002
48	43	2064	1015	529026
48	44	2112	1035	537526
48	45	2160	1069	560555
48	46	2208	1131	576506
48	47	2256	1088	576503
48	48	2304	1125	604515
48	49	2352	1163	633816
49	1	49	23	13538
49	2	98	56	29281
49	3	147	73	41633
49	4	196	89	54403
49	5	245	119	68953
49	6	294	144	83289
49	7	343	170	98743
49	8	392	205	112863
49	9	441	200	121612
49	10	490	267	143710
49	11	539	256	143863
49	12	588	302	164955
49	13	637	326	189247
49	14	686	355	196314
49	15	735	369	343887
49	16	784	390	231225
49	17	833	411	262906
49	18	882	419	270831
49	19	931	471	308833
49	20	980	498	297304
49	21	1029	523	315168
49	22	1078	518	282593
49	23	1127	557	333415
49	24	1176	590	333215
49	25	1225	638	404849
49	26	1274	634	363438
49	27	1323	669	393939
49	28	1372	687	398117
49	29	1421	687	388189
49	30	1470	721	443443
49	31	1519	772	458075
49	32	1568	786	540575
49	33	1617	777	523652
49	34	1666	877	553085
49	35	1715	859	477871
49	36	1764	889	482997
49	37	1813	906	509833
49	38	1862	934	514966
49	39	1911	976	526529
49	40	1960	997	554285
49	41	2009	1008	561428
49	42	2058	1026	580179
49	43	2107	1050	630923
49	44	2156	1089	743570
49	45	2205	1126	888184
49	46	2254	1117	869115
49	47	2303	1158	690157
49	48	2352	1151	645530
49	49	2401	1185	661867
